MutationsType	Human_orthorubulavirus_2_Homo_sapiens_192]A	Human_orthorubulavirus_4_Homo_sapiens_192]A	InfluenzaAvirus_h3n2__Homo_sapiens_192]A	InfluenzaAvirus_h3n2__Homo_sapiens_192]B	InfluenzaAvirus_h3n2__Mammalia_192]A	InfluenzaAvirus_h5n1__Aves_192]A	Lyssavirus_rabies_Homo_sapiens_192]A	Lyssavirus_rabies_Mammalia_192]A	Mumps_orthorubulavirus_Homo_sapiens_192]A	West_Nile_virus_Aves_192]A	West_Nile_virus_Homo_sapiens_192]A	West_Nile_virus_Insecta_192]A	West_Nile_virus_Insecta_192]B	Zika_virus_Homo_sapiens_192]A	sars-cov-2_Homo_sapiens_192]A	sars-cov-2_Homo_sapiens_192]B
CUAA	0.01878346	0.01638389	0.04136369	0.03874151	0.02309852	0.01419765	0.01986570	0.02169831	0.02314223	0.04068358	0.03541765	0.03879614	0.01943435	0.03457563	0.07599862	0.07602504
CUAC	0.00832701	0.00550674	0.02126006	0.02287114	0.02711276	0.01892358	0.01313958	0.01062903	0.01141940	0.00753110	0.00823972	0.00994133	0.01316851	0.01443016	0.03351672	0.02759672
CUAG	0.01090875	0.00821182	0.00000000	0.06618902	0.00265025	0.01512320	0.01860517	0.01440758	0.02189704	0.01109471	0.00976907	0.01123280	0.00976430	0.01474003	0.02360580	0.02900640
CUAU	0.01291980	0.01117886	0.02732801	0.03545160	0.02525253	0.02368019	0.00994163	0.01328394	0.01756261	0.02679252	0.01686455	0.02648849	0.01322565	0.01882006	0.04278131	0.03456358
CUCA	0.00635856	0.00783829	0.00746319	0.00690973	0.00651683	0.00596474	0.01199536	0.01119580	0.01061021	0.01232795	0.01144579	0.01298034	0.00947319	0.01112892	0.02550703	0.02355816
CUCC	0.00501444	0.00525522	0.00754733	0.01052950	0.00576227	0.00650766	0.00488092	0.00673011	0.00695394	0.00816901	0.01111350	0.00618577	0.00851826	0.00820865	0.02104885	0.01467729
CUCG	0.00122155	0.00151424	0.00264798	0.00367655	0.00258749	0.00156277	0.00225019	0.00229611	0.00304597	0.00219716	0.00173655	0.00147622	0.00314494	0.00214775	0.00405470	0.00366212
CUCU	0.00633640	0.00788021	0.00694321	0.01148860	0.00915512	0.01767264	0.01551473	0.01150579	0.00960371	0.01512599	0.01539012	0.01229965	0.01350201	0.01360942	0.01744149	0.01892211
CUGA	0.00503915	0.00302473	0.00656853	0.00471650	0.00460178	0.00777281	0.00663293	0.00610424	0.00711716	0.01563229	0.00726372	0.01713752	0.00943182	0.01088823	0.02255854	0.01927679
CUGC	0.00470782	0.00518785	0.01188230	0.01307065	0.00208623	0.01118500	0.00441025	0.00438595	0.00540646	0.00450400	0.00520675	0.00467561	0.00302819	0.00428144	0.01166694	0.01431891
CUGG	0.00252898	0.00225451	0.00428442	0.00603607	0.00643850	0.00424625	0.00224029	0.00275056	0.00343716	0.00221396	0.00280986	0.00201141	0.00294582	0.00234604	0.00519081	0.00554559
CUGU	0.00353746	0.00496256	0.00685894	0.00815736	0.00784579	0.00825240	0.00835199	0.00603245	0.00459498	0.00877105	0.00622306	0.00517913	0.00403822	0.00606950	0.01247062	0.01019847
CUUA	0.00665581	0.01200517	0.01746150	0.02036890	0.01431550	0.01829063	0.01427287	0.01428476	0.01319064	0.05483732	0.03379236	0.05446418	0.01318335	0.02166293	0.04569117	0.04361993
CUUC	0.00839004	0.00748125	0.01437248	0.01455557	0.01702822	0.01106255	0.01048689	0.00770440	0.00700261	0.02593619	0.01959236	0.02289775	0.00993713	0.00856012	0.03255386	0.03301039
CUUG	0.00293272	0.00596854	0.01572099	0.00950022	0.00530020	0.01117114	0.00612056	0.00552641	0.00378313	0.01214149	0.00772113	0.01034567	0.00719582	0.00678684	0.01715110	0.01539985
CUUU	0.01102971	0.01017359	0.01705054	0.02014546	0.01973832	0.01712085	0.01022689	0.00922392	0.00935774	0.05353967	0.03437977	0.04858123	0.01280627	0.01262927	0.03384578	0.03250983
GAAA	0.02556192	0.02304777	0.02593315	0.02073786	0.03006046	0.03741328	0.02576463	0.02689138	0.02702839	0.01554939	0.02256555	0.01123845	0.01307214	0.00954339	0.00983280	0.01495414
GAAC	0.00934744	0.00754862	0.01544625	0.01289678	0.00960422	0.00957540	0.01753882	0.01325694	0.01016616	0.00499742	0.00660957	0.00466017	0.00669494	0.00660837	0.00729069	0.01074551
GAAG	0.00466096	0.00605386	0.00431882	0.00418633	0.00467881	0.01029722	0.01083903	0.00841396	0.00909299	0.00524609	0.00624740	0.00460599	0.00475129	0.00510841	0.00456478	0.00816943
GAAU	0.01417192	0.01321474	0.01376248	0.01123943	0.01166676	0.02341714	0.01748726	0.01643093	0.01385538	0.00502432	0.00611323	0.00437822	0.00805660	0.00773160	0.00468330	0.00861945
GACA	0.00950162	0.01279184	0.02113032	0.02082443	0.03907330	0.02185920	0.01970333	0.02332399	0.02350698	0.01201099	0.00659567	0.00701241	0.01176125	0.00739261	0.00603119	0.01425981
GACC	0.00594288	0.01055009	0.01049895	0.01543670	0.00000026	0.01976536	0.01529866	0.01490870	0.01498640	0.00424754	0.00318252	0.00393019	0.00212041	0.00392923	0.01107770	0.01901289
GACG	0.00172406	0.00225977	0.00053290	0.00058120	0.00065947	0.00073912	0.00280968	0.00270985	0.00440341	0.00054003	0.00139873	0.00086807	0.00121537	0.00121040	0.00151633	0.00256854
GACU	0.01441809	0.01421324	0.01702162	0.02261041	0.00884964	0.04906673	0.02119206	0.01935339	0.01075850	0.00678064	0.00490924	0.00540815	0.00622856	0.00711458	0.00942535	0.01098065
GAGA	0.01028610	0.00710251	0.01400308	0.00928191	0.01498651	0.01492032	0.01107929	0.00898728	0.01235540	0.00221510	0.00316577	0.00292433	0.00353617	0.00271967	0.00340022	0.00706207
GAGC	0.00377003	0.00455314	0.00663047	0.00394115	0.00647116	0.00804486	0.00499827	0.00549232	0.00531374	0.00161978	0.00143070	0.00165223	0.00188484	0.00242301	0.00416311	0.00426141
GAGG	0.00162783	0.00188026	0.00150323	0.00181502	0.00129518	0.00197515	0.00218217	0.00178883	0.00191153	0.00085812	0.00034839	0.00068830	0.00071207	0.00096236	0.00200668	0.00169944
GAGU	0.00537985	0.00750969	0.00624996	0.00648980	0.01078429	0.01244925	0.00607668	0.00497919	0.00711217	0.00057532	0.00139526	0.00097989	0.00359370	0.00139042	0.00179507	0.00160792
GAUA	0.01224690	0.01088093	0.00612990	0.00711121	0.00576880	0.00968759	0.01428711	0.01250883	0.01692507	0.00812140	0.00754943	0.00666058	0.00882005	0.00549331	0.00446317	0.00447709
GAUC	0.00547270	0.00553891	0.00900594	0.00974925	0.01104798	0.00687518	0.00915725	0.00890382	0.01021022	0.00359224	0.00446989	0.00502718	0.00524063	0.00628918	0.00281874	0.00505269
GAUG	0.00295487	0.00258833	0.00117817	0.00187726	0.00137481	0.00184487	0.00378492	0.00379564	0.00367392	0.00169759	0.00140845	0.00130437	0.00160658	0.00136591	0.00106269	0.00161755
GAUU	0.01070262	0.01091086	0.00780227	0.00571862	0.00532499	0.00970391	0.01045069	0.01109491	0.01465154	0.00332845	0.00488489	0.00337004	0.00521227	0.00368114	0.00398483	0.00581280
AGAA	0.02543079	0.03323933	0.01572358	0.02676148	0.01973061	0.02719001	0.04225904	0.04829713	0.05076678	0.02059158	0.02356866	0.02357024	0.03188886	0.02858389	0.01281795	0.01299397
AGAC	0.00384925	0.01149395	0.01283482	0.01429504	0.01747468	0.01539358	0.00766856	0.01488292	0.01491399	0.00866743	0.00726862	0.00821678	0.01439277	0.01040457	0.00440016	0.00956682
AGAG	0.01198285	0.00483232	0.01073013	0.00541828	0.02280225	0.01017717	0.02011364	0.02370705	0.02765444	0.01466507	0.01465395	0.01431804	0.01311200	0.01731347	0.01230151	0.01502477
AGAU	0.01956539	0.02491827	0.01766384	0.01481656	0.02154767	0.02089322	0.02854351	0.02737897	0.02501577	0.01203955	0.02302853	0.01913770	0.00965016	0.01228714	0.00875220	0.00980636
AGCA	0.00904676	0.00601944	0.00728566	0.00835593	0.00852721	0.01169315	0.02228473	0.02115557	0.01448027	0.00926784	0.00876109	0.00796940	0.00791428	0.00681639	0.00442830	0.00417960
AGCC	0.00514140	0.00943483	0.00452724	0.00348865	0.00636678	0.00805694	0.00820503	0.00785013	0.00847578	0.00510384	0.00837667	0.00602398	0.01002964	0.00898081	0.00424418	0.00384800
AGCG	0.01160807	0.00797976	0.01003934	0.00556965	0.00330162	0.00445680	0.01847243	0.01542685	0.01424925	0.00851958	0.01026472	0.00582235	0.01108872	0.00975684	0.00478989	0.00887029
AGCU	0.00816091	0.00818110	0.00941341	0.00838452	0.01114073	0.00939610	0.01438915	0.01539432	0.01028799	0.00696658	0.00768290	0.00493088	0.00739155	0.00745090	0.00598174	0.01129429
AGGA	0.00772565	0.00531136	0.01820412	0.01099355	0.01182994	0.00998071	0.00893562	0.00984168	0.01578830	0.00829500	0.00738050	0.00748789	0.00806254	0.00853525	0.00361050	0.00246147
AGGC	0.00263292	0.00294913	0.00755691	0.00512403	0.00719697	0.00617655	0.00172692	0.00279061	0.00477660	0.00364209	0.00276398	0.00308997	0.00316964	0.00292067	0.00140850	0.00311882
AGGG	0.00722907	0.00520731	0.00711737	0.00462858	0.00523230	0.00402639	0.00441467	0.00482476	0.00665816	0.00261328	0.00277232	0.00280651	0.00325382	0.00253033	0.00225481	0.00239066
AGGU	0.00475295	0.00369909	0.00599577	0.00782927	0.00400263	0.00907645	0.00435322	0.00310065	0.00512447	0.00196082	0.00208899	0.00158586	0.00234362	0.00175743	0.00379676	0.00377585
AGUA	0.02127832	0.02962558	0.03064484	0.02966130	0.04627669	0.01714992	0.02637679	0.03058236	0.03163370	0.04814745	0.03082543	0.04408800	0.02914554	0.03276967	0.00255681	0.00437767
AGUC	0.00807147	0.01595051	0.01260256	0.01418356	0.01367845	0.01220041	0.00999544	0.01372676	0.01221747	0.00217479	0.00631413	0.00886001	0.00641001	0.01130658	0.00294096	0.00338230
AGUG	0.00862513	0.00856133	0.01184370	0.00827662	0.01104148	0.00608319	0.00937006	0.00886636	0.01182169	0.01286449	0.01077080	0.01221961	0.01341627	0.01153792	0.00417833	0.00611473
AGUU	0.01868380	0.01871546	0.01408373	0.01800586	0.01049193	0.01493578	0.01638581	0.01775045	0.01723465	0.00955515	0.01355629	0.00920531	0.01420836	0.01092052	0.00727336	0.00795888
UCAA	0.01593425	0.01395277	0.02304289	0.02332018	0.05902564	0.01596422	0.02661376	0.03291694	0.02418207	0.08334027	0.08377081	0.10087826	0.07548608	0.09741711	0.02929945	0.04997278
UCAC	0.00507410	0.00634953	0.01619255	0.01434040	0.01374244	0.01484190	0.01262508	0.00780633	0.00755891	0.01772636	0.01527264	0.01832059	0.01893993	0.01399821	0.01583929	0.02178529
UCAG	0.00944710	0.00411603	0.00978530	0.01334232	0.01304792	0.00735430	0.01369470	0.01429045	0.01073052	0.01385691	0.01748881	0.01383227	0.01564879	0.01538932	0.00864773	0.01375571
UCAU	0.01468043	0.01531353	0.01903183	0.02035168	0.02137404	0.01788233	0.02313386	0.02340815	0.01743426	0.02618878	0.02694436	0.03225312	0.02666836	0.03871047	0.01212166	0.01419581
UCCA	0.00758766	0.01184279	0.01787450	0.02854726	0.01700863	0.02260307	0.02517770	0.03125928	0.01923309	0.03069443	0.03701304	0.04628591	0.04515373	0.04874724	0.00659100	0.00851078
UCCC	0.00417460	0.00571782	0.02311207	0.01458444	0.02607494	0.01140415	0.00990543	0.01070053	0.01287723	0.01211123	0.01320037	0.01046180	0.01534203	0.00945204	0.00457428	0.01311716
UCCG	0.00595906	0.00477020	0.00557907	0.00631869	0.00649990	0.00789972	0.01155104	0.01518327	0.01095235	0.01189336	0.00998735	0.00855102	0.01245733	0.01187150	0.00566212	0.00657357
UCCU	0.01334654	0.01159350	0.01250964	0.01374921	0.01576722	0.01893704	0.02031001	0.02016249	0.01328757	0.02469119	0.02343936	0.01627733	0.02917710	0.02660881	0.00461837	0.00478379
UCGA	0.00678528	0.00984126	0.00996121	0.01085178	0.00402219	0.00802354	0.00713644	0.00778642	0.00764627	0.03404748	0.03138294	0.03018008	0.02307161	0.03722877	0.00337613	0.00150741
UCGC	0.00123348	0.00295363	0.00553361	0.00515053	0.00446989	0.00391695	0.00265059	0.00264761	0.00475819	0.00477790	0.00565303	0.00616354	0.00449550	0.00609555	0.00191221	0.00253252
UCGG	0.00388586	0.00255839	0.00317670	0.00214650	0.00187609	0.00155877	0.00327371	0.00258119	0.00361378	0.00477227	0.00279456	0.00381905	0.00384743	0.00452094	0.00138469	0.00205144
UCGU	0.00385094	0.00308756	0.00401158	0.00385377	0.00650768	0.00335395	0.00608989	0.00397750	0.00478655	0.00907516	0.00526584	0.00742926	0.00710073	0.00939643	0.00146619	0.00257443
UCUA	0.01487038	0.01880977	0.02261742	0.02312770	0.02556712	0.02200690	0.03642593	0.03286958	0.01831547	0.04871871	0.06789686	0.05683550	0.07633553	0.09152141	0.00445748	0.00838725
UCUC	0.00775377	0.00818633	0.01904475	0.01824587	0.01242653	0.01059741	0.00995810	0.00885613	0.00975965	0.00980772	0.00550359	0.00978179	0.01527865	0.01360786	0.00343207	0.00710829
UCUG	0.00511155	0.00489743	0.00353813	0.00311196	0.00270892	0.00410680	0.00495768	0.00451250	0.00481682	0.00391372	0.00702319	0.00654594	0.00701467	0.00734436	0.00210651	0.00230981
UCUU	0.00963193	0.01533973	0.00992954	0.01019749	0.00895536	0.00954271	0.01223670	0.01480444	0.01032822	0.02507090	0.02675458	0.02424842	0.01868408	0.01998217	0.00405969	0.00535293
GUAA	0.00854166	0.00415122	0.01388619	0.00852808	0.00925039	0.01236315	0.00272522	0.00525694	0.00714861	0.00109502	0.00213975	0.00055347	0.00137348	0.00154127	0.02697652	0.00380451
GUAC	0.00469080	0.00712051	0.00369359	0.00463128	0.00449087	0.00353501	0.00107528	0.00206116	0.00246976	0.00055571	0.00142238	0.00036029	0.00106111	0.00020271	0.01753356	0.00997873
GUAG	0.00339608	0.00108013	0.00480072	0.00412742	0.00334202	0.00272166	0.00053336	0.00175101	0.00305554	0.00000017	0.00032545	0.00015690	0.00000231	0.00000016	0.00767169	0.00403460
GUAU	0.00641136	0.00672603	0.00888637	0.00313232	0.00592420	0.00472506	0.00109614	0.00195431	0.00265058	0.00141594	0.00174145	0.00107570	0.00000760	0.00100319	0.01951109	0.00673762
GUCA	0.00773587	0.00537947	0.01199605	0.00137312	0.01695915	0.00290959	0.00758404	0.00811585	0.00270769	0.00257576	0.00381997	0.00296121	0.00293377	0.00135196	0.02200238	0.00376092
GUCC	0.00170366	0.00338179	0.00466659	0.00786379	0.00599610	0.00436735	0.00325511	0.00370047	0.00286208	0.00055571	0.00034353	0.00177054	0.00066938	0.00078237	0.01874653	0.00507647
GUCG	0.00042092	0.00115348	0.00024741	0.00017050	0.00000026	0.00025032	0.00054653	0.00102372	0.00111424	0.00000017	0.00000014	0.00000006	0.00031509	0.00000016	0.00218315	0.00077255
GUCU	0.00976911	0.00746254	0.00358723	0.00773694	0.00386291	0.00209848	0.00221292	0.00274370	0.00379502	0.00142993	0.00033866	0.00009214	0.00128306	0.00077149	0.01693862	0.00369598
GUGA	0.00470015	0.00295734	0.00321686	0.00123916	0.00129518	0.00168010	0.00053226	0.00081842	0.00213950	0.00000017	0.00068274	0.00015616	0.00000064	0.00000016	0.00748586	0.00186996
GUGC	0.00294297	0.00255916	0.00117639	0.00046319	0.00129779	0.00047908	0.00000022	0.00016292	0.00095219	0.00027290	0.00000014	0.00013562	0.00003346	0.00000016	0.00692413	0.00110308
GUGG	0.00039282	0.00112953	0.00032720	0.00000366	0.00000026	0.00006283	0.00000022	0.00005878	0.00019401	0.00000017	0.00000014	0.00000006	0.00031860	0.00000016	0.00090724	0.00090938
GUGU	0.00208611	0.00183909	0.00064106	0.00112271	0.00000026	0.00018961	0.00000022	0.00002582	0.00096905	0.00028018	0.00000014	0.00014536	0.00000346	0.00000016	0.00295684	0.00103736
GUUA	0.00885257	0.00633604	0.00473416	0.00309495	0.00449470	0.00415481	0.00218549	0.00210293	0.00342603	0.00083573	0.00069317	0.00088089	0.00214341	0.00020115	0.01637780	0.00305537
GUUC	0.00382540	0.00456960	0.00234213	0.00280152	0.00274416	0.00218647	0.00000022	0.00117675	0.00226860	0.00170435	0.00138484	0.00084701	0.00126214	0.00055843	0.01536957	0.00264151
GUUG	0.00300852	0.00149703	0.00083346	0.00138313	0.00128343	0.00104990	0.00000022	0.00056290	0.00134604	0.00000017	0.00000014	0.00000007	0.00028998	0.00018910	0.00297466	0.00101861
GUUU	0.00948968	0.00826193	0.00709466	0.00401846	0.00581581	0.00195509	0.00051910	0.00075921	0.00132076	0.00059211	0.00068205	0.00053833	0.00155900	0.00095965	0.01299175	0.00210775
CAAA	0.00252732	0.00449777	0.00301536	0.00405028	0.00329514	0.00198453	0.00600651	0.00388633	0.00841792	0.00054115	0.00035048	0.00073357	0.00036542	0.00096821	0.00184384	0.00319682
CAAC	0.00168662	0.00190273	0.00670944	0.00028309	0.00261887	0.00269087	0.00217342	0.00140110	0.00136905	0.00027626	0.00034978	0.00020845	0.00107674	0.00040331	0.00225482	0.00242411
CAAG	0.00169429	0.00294984	0.00000007	0.01019030	0.00000026	0.00323212	0.00217122	0.00294333	0.00958801	0.00027290	0.00071541	0.00047525	0.00061019	0.00076020	0.00120791	0.00221264
CAAU	0.00214912	0.00259657	0.00350752	0.00182491	0.00258363	0.00279746	0.00108954	0.00153299	0.00154067	0.00082733	0.00035534	0.00041598	0.00040244	0.00077927	0.00206079	0.00375232
CACA	0.00207073	0.00143343	0.00084888	0.00028313	0.00066469	0.00087450	0.00160842	0.00170267	0.00358121	0.00138849	0.00172753	0.00101488	0.00134021	0.00098453	0.00221654	0.00389763
CACC	0.00045755	0.00000011	0.00074172	0.00002492	0.00069863	0.00067953	0.00154262	0.00042066	0.00038786	0.00083460	0.00000014	0.00086328	0.00131065	0.00080103	0.00082237	0.00066362
CACG	0.00000017	0.00074108	0.00045868	0.00048763	0.00000026	0.00024608	0.00056188	0.00053432	0.00098092	0.00000017	0.00033866	0.00000006	0.00030365	0.00019299	0.00041273	0.00087079
CACU	0.00088001	0.00074407	0.00078653	0.00139862	0.00194917	0.00154444	0.00163914	0.00115443	0.00112385	0.00115662	0.00066884	0.00036493	0.00139294	0.00098064	0.00281244	0.00350538
CAGA	0.00381088	0.00221261	0.00430040	0.00131736	0.00375978	0.00132966	0.00058821	0.00211389	0.00273528	0.00027122	0.00070709	0.00087164	0.00035125	0.00095538	0.00048930	0.00255259
CAGC	0.00085871	0.00110259	0.00069958	0.00181277	0.00065294	0.00110764	0.00055749	0.00088630	0.00076600	0.00027122	0.00066119	0.00055871	0.00040372	0.00019998	0.00000026	0.00849078
CAGG	0.00131438	0.00074931	0.00058997	0.00027165	0.00064380	0.00213862	0.00053336	0.00114063	0.00020703	0.00027178	0.00000014	0.00015681	0.00063073	0.00000016	0.00008523	0.00092134
CAGU	0.00166872	0.00143418	0.00124723	0.00041574	0.00193745	0.00088997	0.00056079	0.00115713	0.00154832	0.00029194	0.00000014	0.00025757	0.00038814	0.00038737	0.00036374	0.00048736
CAUA	0.00381259	0.00155017	0.00236938	0.00221168	0.00457960	0.00179477	0.00173570	0.00175762	0.00517351	0.00000017	0.00108175	0.00140531	0.00110185	0.00136594	0.00210122	0.00227782
CAUC	0.00217978	0.00263024	0.00080118	0.00058900	0.00000026	0.00099268	0.00000022	0.00075504	0.00189850	0.00057195	0.00073349	0.00108226	0.00036589	0.00115716	0.00165264	0.00170700
CAUG	0.00040815	0.00145888	0.00197625	0.00106355	0.00251833	0.00193564	0.00054433	0.00126204	0.00075297	0.00000017	0.00000014	0.00053196	0.00136672	0.00078469	0.00049052	0.00109878
CAUU	0.00378874	0.00108463	0.00308600	0.00232571	0.00187345	0.00092786	0.00057944	0.00059201	0.00116176	0.00084525	0.00179842	0.00077253	0.00146558	0.00059576	0.00126201	0.00165407
GCAA	0.00349917	0.00257488	0.00108714	0.00009717	0.00000026	0.00079424	0.00113123	0.00029981	0.00000015	0.00000017	0.00000014	0.00019454	0.00025048	0.00037261	0.00566435	0.01100229
GCAC	0.00046181	0.00146264	0.00048808	0.00015030	0.00130826	0.00233325	0.00000022	0.00045823	0.00019171	0.00000017	0.00033796	0.00033884	0.00180793	0.00039126	0.00090624	0.00032733
GCAG	0.00216870	0.00068644	0.00027371	0.00013751	0.00000026	0.00025132	0.00000022	0.00005196	0.00019477	0.00000017	0.00000014	0.00013186	0.00003543	0.00000016	0.00025803	0.00049933
GCAU	0.00300512	0.00191096	0.00062604	0.00023078	0.00135134	0.00036738	0.00055640	0.00010636	0.00019133	0.00000017	0.00069039	0.00009658	0.00010430	0.00018988	0.00137808	0.00175175
GCCA	0.00088428	0.00076130	0.00018866	0.00000689	0.00000026	0.00074026	0.00000022	0.00049201	0.00000015	0.00055964	0.00174634	0.00046796	0.00299865	0.00079754	0.00471753	0.00081982
GCCC	0.00000017	0.00185860	0.00081948	0.00041447	0.00000026	0.00037873	0.00000022	0.00057450	0.00038289	0.00000017	0.00068832	0.00090741	0.00000852	0.00076177	0.00038096	0.00111075
GCCG	0.00000017	0.00037658	0.00002622	0.00000105	0.00000026	0.00000025	0.00000022	0.00000017	0.00000015	0.00000017	0.00000014	0.00000006	0.00031355	0.00000016	0.00018534	0.00008244
GCCU	0.00162529	0.00305014	0.00026237	0.00031334	0.00000026	0.00048781	0.00000022	0.00021942	0.00000015	0.00000017	0.00103103	0.00000006	0.00031987	0.00117310	0.00173127	0.00115497
GCGA	0.00249746	0.00264671	0.00013895	0.00000190	0.00000026	0.00006246	0.00000022	0.00022397	0.00018596	0.00000017	0.00000014	0.00000007	0.00030317	0.00039709	0.00064382	0.00049583
GCGC	0.00209799	0.00036985	0.00025723	0.00010947	0.00000026	0.00012740	0.00053775	0.00037747	0.00000015	0.00000017	0.00034214	0.00015932	0.00000589	0.00000016	0.00008643	0.00044620
GCGG	0.00000017	0.00036236	0.00000019	0.00000019	0.00000026	0.00000025	0.00000022	0.00000017	0.00000015	0.00000017	0.00000014	0.00000015	0.00000009	0.00000016	0.00014947	0.00000469
GCGU	0.00206990	0.00076278	0.00000019	0.00000019	0.00000026	0.00000025	0.00000022	0.00002669	0.00019592	0.00000017	0.00034839	0.00000015	0.00000009	0.00021048	0.00012833	0.00008662
GCUA	0.00340545	0.00295060	0.00021734	0.00000069	0.00000026	0.00055762	0.00000022	0.00035132	0.00019056	0.00000017	0.00106646	0.00001843	0.00176760	0.00000016	0.00287294	0.00252637
GCUC	0.00302218	0.00110334	0.00043959	0.00014588	0.00000026	0.00056984	0.00000022	0.00038321	0.00038135	0.00026002	0.00000014	0.00001618	0.00149966	0.00039398	0.00031101	0.00017384
GCUG	0.00045755	0.00000011	0.00000019	0.00000019	0.00000026	0.00000025	0.00000022	0.00000017	0.00000015	0.00000017	0.00000014	0.00000015	0.00000009	0.00000016	0.00004892	0.00000165
GCUU	0.00169255	0.00298128	0.00016414	0.00000035	0.00061378	0.00026266	0.00053336	0.00008254	0.00058057	0.00027962	0.00069247	0.00043764	0.00091654	0.00000016	0.00041529	0.00031841
CGAA	0.00505285	0.00221186	0.00058387	0.00000001	0.00000026	0.00050127	0.00107749	0.00060129	0.00000015	0.00000017	0.00035117	0.00014042	0.00003326	0.00076720	0.00054135	0.00159735
CGAC	0.00177265	0.00149181	0.00033130	0.00035813	0.00000026	0.00036489	0.00056298	0.00021731	0.00000015	0.00000017	0.00000014	0.00090717	0.00068052	0.00000016	0.00024096	0.00045235
CGAG	0.00082721	0.00150603	0.00010718	0.00093636	0.00000026	0.00037063	0.00114331	0.00067695	0.00039362	0.00000017	0.00000014	0.00012772	0.00003420	0.00000016	0.00019046	0.00081663
CGAU	0.00344717	0.00216842	0.00046604	0.00007539	0.00000026	0.00094245	0.00054762	0.00013228	0.00060202	0.00027122	0.00000014	0.00009270	0.00041145	0.00019843	0.00042388	0.00073358
CGCA	0.00084082	0.00000011	0.00004947	0.00001822	0.00000026	0.00000025	0.00000022	0.00016102	0.00000015	0.00026114	0.00000014	0.00016273	0.00061386	0.00000016	0.00071437	0.00034326
CGCC	0.00125052	0.00000011	0.00016401	0.00001030	0.00000026	0.00006345	0.00051032	0.00016319	0.00037867	0.00027402	0.00034214	0.00022865	0.00078942	0.00019065	0.00000101	0.00065620
CGCG	0.00000017	0.00077326	0.00000019	0.00000019	0.00000026	0.00006108	0.00000022	0.00000017	0.00000015	0.00000017	0.00000014	0.00000007	0.00028536	0.00000016	0.00007619	0.00009892
CGCU	0.00213548	0.00113252	0.00027499	0.00001421	0.00000026	0.00045065	0.00000022	0.00019453	0.00019324	0.00028690	0.00065703	0.00016598	0.00091338	0.00039126	0.00024279	0.00038967
CGGA	0.00127607	0.00212204	0.00024425	0.00000065	0.00127429	0.00030268	0.00171598	0.00089146	0.00000015	0.00000017	0.00069388	0.00000007	0.00029887	0.00056233	0.00013440	0.00016591
CGGC	0.00000017	0.00038332	0.00146084	0.00101751	0.00000026	0.00129202	0.00054433	0.00071163	0.00041583	0.00027850	0.00068969	0.00039554	0.00039970	0.00077964	0.00000166	0.00042275
CGGG	0.00087404	0.00110333	0.00022335	0.00000066	0.00000026	0.00050377	0.00000022	0.00031863	0.00000015	0.00000017	0.00000014	0.00000015	0.00000009	0.00020309	0.00001692	0.00015598
CGGU	0.00043029	0.00036685	0.00021765	0.00000344	0.00000026	0.00012254	0.00000022	0.00020914	0.00000015	0.00000017	0.00000014	0.00011628	0.00037135	0.00000016	0.00007244	0.00005366
CGUA	0.00427428	0.00294012	0.00028045	0.00006028	0.00064380	0.00018961	0.00052349	0.00021655	0.00037331	0.00000017	0.00034144	0.00037046	0.00130526	0.00039320	0.00038810	0.00063064
CGUC	0.00173260	0.00148956	0.00040471	0.00000049	0.00000026	0.00062331	0.00054543	0.00021060	0.00018903	0.00000017	0.00000014	0.00027023	0.00154984	0.00039048	0.00039535	0.00003254
CGUG	0.00000017	0.00149181	0.00037900	0.00000031	0.00000026	0.00012479	0.00000022	0.00005461	0.00000015	0.00000017	0.00000014	0.00000015	0.00000009	0.00057204	0.00000054	0.00009012
CGUU	0.00337736	0.00379566	0.00027052	0.00000188	0.00065033	0.00037087	0.00000022	0.00002842	0.00000015	0.00277351	0.00000014	0.00002962	0.00201036	0.00020698	0.00067507	0.00098400
ACAA	0.00254436	0.00447157	0.00156264	0.00182646	0.00265416	0.00332660	0.00652328	0.00360586	0.00464676	0.00107487	0.00072377	0.00170971	0.00177551	0.00253115	0.00230254	0.00579271
ACAC	0.00253326	0.00258838	0.00201693	0.00148557	0.00396081	0.00480153	0.00117401	0.00186680	0.00266707	0.00058371	0.00244423	0.00127270	0.00135608	0.00135778	0.00040229	0.00220421
ACAG	0.00215082	0.00034590	0.00072768	0.00000024	0.00000026	0.00113444	0.00321778	0.00193217	0.00290002	0.00085869	0.00148007	0.00045329	0.00213416	0.00058837	0.00200345	0.00259722
ACAU	0.00550934	0.00486900	0.00187517	0.00064086	0.00131609	0.00174843	0.00440919	0.00119392	0.00114337	0.00000017	0.00132644	0.00146649	0.00097407	0.00192306	0.00274153	0.00142883
ACCA	0.00380326	0.00188180	0.00187934	0.00076447	0.00067513	0.00421557	0.00498841	0.00360427	0.00098858	0.00028970	0.00071750	0.00037349	0.00402172	0.00232040	0.00058012	0.00067670
ACCC	0.00169003	0.00300302	0.00191242	0.00000670	0.00000026	0.00308172	0.00110163	0.00198041	0.00117940	0.00029194	0.00174005	0.00134009	0.00121427	0.00060081	0.00029696	0.00090316
ACCG	0.00041411	0.00114827	0.00168891	0.00040834	0.00000026	0.00218300	0.00442341	0.00376767	0.00231651	0.00107878	0.00141193	0.00069034	0.00406784	0.00115249	0.00091613	0.00083302
ACCU	0.00213549	0.00228593	0.00086768	0.00088262	0.00200791	0.00105913	0.00055859	0.00104760	0.00058325	0.00058147	0.00106506	0.00076128	0.00215764	0.00150784	0.00144365	0.00144009
ACGA	0.00127692	0.00338397	0.00083987	0.00016997	0.00131867	0.00137031	0.00105775	0.00088673	0.00173875	0.00114149	0.00068552	0.00067960	0.00136583	0.00076565	0.00221608	0.00103984
ACGC	0.00041496	0.00037958	0.00029435	0.00033630	0.00000026	0.00055736	0.00000022	0.00051218	0.00133186	0.00056467	0.00068969	0.00045516	0.00063895	0.00057477	0.00057365	0.00095861
ACGG	0.00084338	0.00149029	0.00072485	0.00072710	0.00064903	0.00076106	0.00051800	0.00032421	0.00175982	0.00028858	0.00000014	0.00015233	0.00128212	0.00019571	0.00112055	0.00088635
ACGU	0.00125307	0.00184508	0.00037787	0.00002145	0.00000026	0.00107907	0.00000022	0.00013840	0.00037024	0.00000017	0.00000014	0.00000003	0.00059425	0.00000016	0.00077270	0.00009338
ACUA	0.00475468	0.00142220	0.00089033	0.00149448	0.00000026	0.00125675	0.00649909	0.00215070	0.00285135	0.00114657	0.00139598	0.00002633	0.00754287	0.00076490	0.00032401	0.00022850
ACUC	0.00000017	0.00113929	0.00189596	0.00029958	0.00262806	0.00081691	0.00219426	0.00075857	0.00243527	0.00000017	0.00066399	0.00000001	0.00123491	0.00079328	0.00037600	0.00009983
ACUG	0.00040985	0.00039230	0.00068224	0.00085401	0.00000026	0.00081803	0.00166658	0.00148633	0.00135408	0.00028746	0.00037481	0.00032631	0.00449343	0.00039826	0.00025189	0.00022461
ACUU	0.00460985	0.00441842	0.00091839	0.00166076	0.00062161	0.00069038	0.00110709	0.00061947	0.00039477	0.00053612	0.00069110	0.00029138	0.00001346	0.00000016	0.00089835	0.00062477
UGAA	0.00880997	0.00870879	0.00448971	0.00303330	0.00000026	0.00354340	0.00605702	0.00573646	0.00673327	0.00172567	0.00847475	0.00169455	0.00018318	0.00098651	0.00010037	0.01231024
UGAC	0.00564135	0.00151427	0.00066003	0.00088086	0.00065555	0.00111599	0.00112686	0.00053643	0.00116253	0.00000017	0.00141892	0.00086346	0.00070357	0.00040176	0.00101423	0.00419047
UGAG	0.00720267	0.00451120	0.00332564	0.00180967	0.00000026	0.00280296	0.00377068	0.00461931	0.00233985	0.00087548	0.00000014	0.00019645	0.00119375	0.00039359	0.00072019	0.00066821
UGAU	0.00420697	0.00795879	0.00464011	0.00365683	0.00333288	0.00249925	0.00440809	0.00211233	0.00344175	0.00056244	0.00067511	0.00121071	0.00271878	0.00058566	0.00167138	0.00116926
UGCA	0.00335948	0.00566992	0.00429235	0.00347201	0.00200667	0.00276008	0.00754899	0.00661495	0.00537048	0.00000017	0.00209667	0.00041297	0.00350032	0.00096085	0.00011386	0.00076334
UGCC	0.00132036	0.00037509	0.00136065	0.00093427	0.00124560	0.00086665	0.00170057	0.00105847	0.00134299	0.00217254	0.00034005	0.00052505	0.00258002	0.00136555	0.00219986	0.00149370
UGCG	0.00464056	0.00381884	0.00227534	0.00121885	0.00000026	0.00285555	0.00769052	0.00593747	0.00210041	0.00112637	0.00269031	0.00045347	0.00152986	0.00136670	0.00126229	0.00147752
UGCU	0.00214145	0.00518337	0.00207869	0.00356669	0.00263059	0.00194437	0.00165671	0.00191701	0.00174718	0.00083575	0.00208277	0.00201435	0.00283109	0.00041498	0.00127700	0.00120128
UGGA	0.00730317	0.00514744	0.00131285	0.00199784	0.00200791	0.00086740	0.00108517	0.00201581	0.00190276	0.00000017	0.00000014	0.00016997	0.00459047	0.00059499	0.00008378	0.00025359
UGGC	0.00304430	0.00336528	0.00076829	0.00055886	0.00061900	0.00012242	0.00000022	0.00040020	0.00056869	0.00079764	0.00108452	0.00039466	0.00105394	0.00000016	0.00070455	0.00005198
UGGG	0.00508855	0.00332933	0.00054766	0.00014612	0.00000026	0.00099630	0.00109173	0.00089544	0.00095564	0.00000017	0.00036786	0.00028670	0.00033321	0.00038037	0.00000040	0.00042444
UGGU	0.00424359	0.00226872	0.00089996	0.00063660	0.00124688	0.00087725	0.00054543	0.00022013	0.00058440	0.00080828	0.00101431	0.00051341	0.00134096	0.00118009	0.00020617	0.00057820
UGUA	0.01066942	0.01126490	0.00376382	0.00152138	0.00332902	0.00235044	0.00377842	0.00416007	0.00458850	0.00284352	0.00513660	0.00101267	0.00694223	0.00155102	0.00079940	0.00066762
UGUC	0.00260566	0.00410029	0.00089554	0.00113121	0.00000026	0.00123528	0.00000022	0.00048339	0.00036603	0.00086260	0.00037342	0.00051318	0.00350725	0.00167969	0.00090606	0.00146157
UGUG	0.00251961	0.00266467	0.00110900	0.00043520	0.00000026	0.00213285	0.00108186	0.00132780	0.00193222	0.00000017	0.00071195	0.00005323	0.00048436	0.00018443	0.00004778	0.00037968
UGUU	0.00673930	0.00748499	0.00207440	0.00076444	0.00000026	0.00097960	0.00108844	0.00068506	0.00114988	0.00110621	0.00172894	0.00028837	0.00251746	0.00078121	0.00106824	0.00122882
AUAA	0.01147097	0.01647969	0.00279961	0.00277429	0.00772830	0.00319856	0.00379382	0.00375248	0.00340078	0.00055236	0.00173244	0.00057664	0.00072888	0.00079250	0.00210197	0.00233033
AUAC	0.00300940	0.00535480	0.00039171	0.00045598	0.00256143	0.00087265	0.00000022	0.00061849	0.00197093	0.00109670	0.00034005	0.00102291	0.00033829	0.00039787	0.00044766	0.00050023
AUAG	0.00821884	0.00399550	0.00163773	0.00089918	0.00124038	0.00135136	0.00213498	0.00115877	0.00189738	0.00077075	0.00101780	0.00081519	0.00044550	0.00038387	0.00088087	0.00119199
AUAU	0.00841987	0.00992883	0.00263744	0.00039368	0.00449217	0.00261710	0.00105775	0.00183320	0.00093840	0.00000017	0.00071890	0.00054711	0.00068613	0.00080532	0.00113547	0.00117648
AUCA	0.00430155	0.00542214	0.00154501	0.00170940	0.00199096	0.00205771	0.00276035	0.00290170	0.00206096	0.00142096	0.00033727	0.00027029	0.00061678	0.00322200	0.00359484	0.00255153
AUCC	0.00212614	0.00264374	0.00107752	0.00060962	0.00000026	0.00130150	0.00108737	0.00113621	0.00115143	0.00138512	0.00220232	0.00089883	0.00241094	0.00095109	0.00091693	0.00120699
AUCG	0.00567457	0.00480987	0.00458195	0.00395128	0.00264884	0.00410373	0.00276690	0.00342597	0.00270960	0.00167969	0.00305246	0.00072885	0.00284237	0.00254509	0.00254020	0.00384890
AUCU	0.00545312	0.00445358	0.00124080	0.00074712	0.00000026	0.00176248	0.00166546	0.00075662	0.00000015	0.00138010	0.00174423	0.00061347	0.00145709	0.00117893	0.00181232	0.00082103
AUGA	0.00756126	0.00333161	0.00242266	0.00139143	0.00131737	0.00175800	0.00000022	0.00049941	0.00167478	0.00028522	0.00033797	0.00063289	0.00062479	0.00075981	0.00071809	0.00116006
AUGC	0.00165936	0.00183534	0.00021492	0.00000026	0.00000026	0.00024721	0.00054323	0.00013288	0.00075834	0.00029642	0.00071263	0.00059599	0.00032313	0.00039087	0.00020231	0.00000215
AUGG	0.00254347	0.00263997	0.00169114	0.00156182	0.00255093	0.00112956	0.00000022	0.00008087	0.00152880	0.00029978	0.00070012	0.00021160	0.00050039	0.00020465	0.00076189	0.00064060
AUGU	0.00165168	0.00293413	0.00027798	0.00028974	0.00000026	0.00112731	0.00000022	0.00005039	0.00039055	0.00029754	0.00000014	0.00000015	0.00000009	0.00000016	0.00003564	0.00016437
AUUA	0.00742842	0.00855685	0.00183370	0.00039794	0.00000026	0.00174232	0.00000022	0.00201934	0.00310309	0.00114097	0.00598122	0.00510714	0.00782568	0.00309491	0.00157696	0.00017171
AUUC	0.00338755	0.00407184	0.00216012	0.00028704	0.00136831	0.00111338	0.00111040	0.00064226	0.00114875	0.00114041	0.00417933	0.00056684	0.00009646	0.00189197	0.00044635	0.00034321
AUUG	0.00213806	0.00521034	0.00129110	0.00048363	0.00064250	0.00118317	0.00105882	0.00073615	0.00092691	0.00000017	0.00205493	0.00059740	0.00241107	0.00130372	0.00056388	0.00064099
AUUU	0.00770182	0.00756059	0.00263624	0.00115748	0.00328331	0.00202292	0.00000022	0.00034526	0.00076025	0.00198607	0.00314633	0.00060063	0.00268588	0.00113618	0.00073050	0.00037189
UAAA	0.01563017	0.00968411	0.00675735	0.00058758	0.00586947	0.00565251	0.00336811	0.00421740	0.00531105	0.00000017	0.00418496	0.00565431	0.00000588	0.00098029	0.00088403	0.00172695
UAAC	0.00251876	0.00152698	0.00083348	0.00030511	0.00000026	0.00157090	0.00109392	0.00053291	0.00095027	0.00111967	0.00068901	0.00002266	0.00120647	0.00040915	0.00047021	0.00082258
UAAG	0.00458004	0.00413396	0.00447235	0.00284061	0.00720744	0.00387733	0.00614146	0.00261738	0.00305021	0.00056299	0.00179494	0.00122704	0.00089485	0.00056932	0.00144769	0.00139063
UAAU	0.00887300	0.00790564	0.00356355	0.00325881	0.00263711	0.00281879	0.00335381	0.00175867	0.00077021	0.00255677	0.00137371	0.00086816	0.00157588	0.00118363	0.00051543	0.00067589
UACA	0.00168236	0.01020204	0.00369366	0.00177340	0.00599468	0.00461287	0.00344276	0.00253777	0.00266478	0.00393896	0.00102407	0.00155770	0.00905537	0.00493423	0.00112818	0.00083086
UACC	0.00218062	0.00152028	0.00232522	0.00173441	0.00391120	0.00138350	0.00000022	0.00048848	0.00078976	0.00057083	0.00170251	0.00064179	0.00324807	0.00095112	0.00111160	0.00186128
UACG	0.00383136	0.00189375	0.00191673	0.00216916	0.00192045	0.00461123	0.00213609	0.00351734	0.00379922	0.00253825	0.00173377	0.00182339	0.00336463	0.00466207	0.00166928	0.00361086
UACU	0.00560303	0.00299029	0.00073028	0.00013642	0.00201055	0.00098782	0.00056298	0.00060182	0.00096981	0.00109951	0.00067024	0.00242235	0.00115335	0.00236084	0.00088775	0.00125411
UAGA	0.00852973	0.00488923	0.00159413	0.00062118	0.00196489	0.00185500	0.00000022	0.00080502	0.00175867	0.00252426	0.00206052	0.00181858	0.00153547	0.00057478	0.00036781	0.00031329
UAGC	0.00083912	0.00187427	0.00063279	0.00000002	0.00187345	0.00031664	0.00000022	0.00018722	0.00000015	0.00054955	0.00000014	0.00069249	0.00070401	0.00058876	0.00016477	0.00030937
UAGG	0.00297021	0.00297379	0.00115993	0.00020924	0.00000026	0.00056110	0.00113122	0.00093885	0.00098246	0.00026450	0.00031989	0.00001907	0.00058679	0.00059653	0.00019430	0.00001399
UAGU	0.00335435	0.00336526	0.00007972	0.00008661	0.00000026	0.00012504	0.00000022	0.00002766	0.00000015	0.00082789	0.00069317	0.00088228	0.00067312	0.00080763	0.00003911	0.00001871
UAUA	0.01043347	0.00559653	0.00315764	0.00161719	0.00198317	0.00400462	0.00217671	0.00158790	0.00602945	0.00667654	0.00663957	0.00021084	0.01286956	0.00383203	0.00125207	0.00195241
UAUC	0.00520269	0.00223654	0.00116403	0.00152105	0.00000026	0.00115998	0.00000022	0.00051668	0.00095679	0.00140193	0.00207860	0.00098919	0.00038636	0.00117271	0.00083083	0.00046531
UAUG	0.00204945	0.00148730	0.00054386	0.00032593	0.00065555	0.00128153	0.00162709	0.00073491	0.00149086	0.00028410	0.00137578	0.00086103	0.00128422	0.00037960	0.00047632	0.00146127
UAUU	0.00806721	0.00561075	0.00046335	0.00007320	0.00000026	0.00038022	0.00000022	0.00035457	0.00095449	0.00086263	0.00000014	0.00015893	0.00293947	0.00079910	0.00059326	0.00159894
