MutationType	SBS96A	SBS96B	SBS96C	SBS96D	SBS96E	SBS96F	SBS96G	SBS96H	SBS96I	SBS96J	SBS96K	SBS96L	SBS96M	SBS96N	SBS96O	SBS96P	SBS96Q	SBS96R	SBS96S	SBS96T	SBS96U
A[C>A]A	0.0267783177271485	7.43594952109561e-5	5.3695144826634e-4	0.0014948521613575	8.4077907859489e-47	5.61479960015276e-5	1.1321313213557e-5	0.00392222069395291	1.35648326249793e-6	0.00259478513260547	0.00630174210877158	0.0160385635914281	0	3.5501655868299e-4	0.00392520584117828	3.07875964790583e-5	1.8029624654445e-4	5.0119070583605e-4	3.8662625709548e-4	2.9816576186931e-4	0.00481765465374338
A[C>A]C	0.00858624993823469	0.00126157356098702	0	4.4270864061175e-4	5.07777066536619e-5	1.35921467881417e-5	0.00195736570973224	0.00483549874799792	2.82642326935445e-5	0.00497231836779975	5.3130793467066e-4	0.00500568342686165	4.2028837124235e-5	2.13487050496042e-5	0.00663874108344317	1.6708713737898e-4	5.66941576835234e-5	3.6899384635034e-4	2.7946265676291e-4	8.1043571325778e-4	0.00242679759248858
A[C>A]G	2.05109570878825e-6	1.16260343574481e-7	2.80298618093866e-9	4.44611407279805e-8	5.53948424850961e-7	3.16484149290988e-8	1.04012434046852e-6	6.57526787652929e-6	1.28376508106154e-7	3.40942475180342e-5	0.691129869222641	6.447733040293e-5	2.31506835035589e-9	1.98727757117823e-6	2.18202574431539e-5	1.98092176268668e-5	4.17382590098096e-8	2.30577921345954e-7	4.83892853795354e-7	6.36456860021932e-8	9.2658731968497e-4
A[C>A]T	0.01459582651034	1.6333069652319e-4	2.73640397104202e-6	0	0	0	1.9218366969972e-4	0.0045563504603706	1.29311767523177e-6	0.0132475810591131	0.0122787368437275	0.0124431881861237	2.8025969286496303e-47	0	0.00565652466336957	3.0422953964688e-4	1.4234945643805e-4	6.7470366135239e-4	2.5165970437228e-4	2.06163986877073e-5	0.0142657058872283
A[C>G]A	0.0215574607439339	2.3052373668178e-4	0.00175227779649636	0.00118846290729437	0	3.91013125390316e-5	0.00164484110136982	0.00995870396476903	0	8.50458061904647e-6	0.0015410637659933	9.02122101229023e-5	8.50111595354974e-6	1.6594734581303e-4	0.00295081110001775	0	1.3329738751053e-4	3.5614188816907e-4	2.124385931711e-4	0.00128600590639364	0.00544269785284996
A[C>G]C	0.00940792457200587	1.7272379816859e-4	4.71822780934161e-8	1.9770483014294e-4	3.1944818329066e-6	0	0.00553498143301113	0.0030509301409441	0	0.00208669079601125	5.614337586341e-4	1.13083494692745e-6	5.2203251142103e-4	7.26941334941245e-5	0.00310750322346794	5.00341583392583e-5	3.6461278796196e-5	2.7969799438466e-4	3.4441918172236e-4	0.00235062001950155	0.00266518667922355
A[C>G]G	2.0943189712822e-4	4.01887093133713e-6	8.84166713966295e-6	5.188993425706e-8	6.41380271311221e-7	1.10681931442258e-7	4.74370732240215e-7	2.9402853073207e-4	1.96025855139226e-7	2.3616875764202e-4	0.014566253263049	6.18161352199387e-7	1.5414283107573e-46	1.41328941906215e-7	4.1218919761284e-4	9.79986625182505e-11	4.88753818753129e-8	5.04448975625849e-6	1.14381985531245e-7	4.0564938363908e-9	0.429558121436567
A[C>G]T	0.0160393389780074	2.0854039967162e-4	3.2382892628902e-4	2.8457345819333e-4	5.60519385729927e-47	1.4871006893372e-4	0.00577129337063525	0.00538669539388238	0	0.00411220325698196	0.00336552028311417	4.5542623818619e-4	6.34643610101193e-5	4.2103257146664e-6	0.00732723859371617	5.7428829779733e-4	2.62796925380826e-5	1.7539333726745e-4	2.9340330744162e-4	6.7090811091475e-4	0.00730353073071456
A[C>T]A	9.4544346817852e-4	0.0143249669147701	0.0209495791024528	0.00188303698960226	3.4077160595188e-4	0.0173217092145925	0.0223039967497471	0.0105919729681321	0.00400293859071098	6.015526374142e-4	0.00658611309685512	0.246775589883328	5.61509940568783e-5	0.00562103658594458	0.0119204157637432	1.83132466210267e-6	0.00722178757190704	0.0309108308737632	0.00824496366668395	0.00186345475318376	0.00181341743850663
A[C>T]C	2.0023024349939e-4	0.00626633240435762	0.00113946847006446	0.00298130526032765	0.00589386438310612	2.9052195051917e-4	0.0401041329093277	0.00611757848830166	6.28608840634115e-5	0.0113952363678254	1.29680649843067e-5	0.0526039025280625	0.0108099396599027	0.0141841034372147	0.0166550273658536	0.00782470566207103	8.4683773209754e-4	0.0194820211478509	0.00768778961151838	0.0013706211477097	0.00732079402482394
A[C>T]G	0.016829776068318	0.00130348027086296	0.723419585824013	1.25523911265191e-9	4.712051349027279e-31	1.46529902167458e-8	2.48873944332218e-5	0.00157553278903642	0.00483535636910261	0.0715876466560656	0.0253843306567209	4.2585445391182e-4	5.2951948036273e-4	4.03212802558924e-5	0.0166553138986719	0.003315775881788	0.00156636546426415	5.8500348203656e-4	0.00337258444513111	3.4694740644677e-4	0.0886136804740217
A[C>T]T	3.71269905008376e-5	0.00239585515402723	0.0193720194045454	0.00458368265694951	0.00902999303658247	0.0105665748374304	0.0499450086115394	0.00708908559012041	0.0112850184125595	0.024868011099752	3.9275577219086e-4	0.0784872190281749	0.012517128905165	0.050195981496945	0.00932270623564545	0.0361134074628353	0.0255003401222439	0.0108221799367069	0.0428015660215169	2.0737366287582e-4	0.0018049050308764
A[T>A]A	7.90487797708295e-8	0.00545514828795969	3.86553130460498e-5	3.68470881254313e-5	1.02417869962679e-8	5.29074256135076e-8	0.00135140746311097	0.219910674643743	2.59963735027569e-8	2.5511347826828e-4	6.3321734248692e-4	3.3986812694041294e-42	4.092296705948681e-9	0.00171363642244799	1.5013579334691e-4	2.4022737310502903e-9	3.86588840161295e-6	3.93382369037898e-5	3.3685954647921805e-9	0.00264158770886317	8.8467674864683e-4
A[T>A]C	0.0127761277649552	0.00522048422251828	0	0.00215775808232138	3.8939964268962e-4	4.09038402722217e-6	0.00225791922493954	0.00886057241936214	0.00135183938866248	4.9170641268574e-4	2.8806911132771e-4	0	6.0743242464923e-4	0.00201541005031686	3.7297865987056e-4	1.39392998664789e-5	0.00361099534027744	1.7350828740745e-4	2.3325226269662e-4	7.18356401193887e-5	0.00416513579664752
A[T>A]G	0.0263783503510058	0.00470499390665282	4.1832653074459e-4	0	2.8025969286496303e-47	0	0.00300085064664017	0.00784830870959647	0.00336722443607869	9.5228254725803e-4	0.00195900792405155	0.00768513275310397	0.00126663501402064	0.022354001486674	6.9218511871804e-4	5.47128170614569e-5	0.0015482103994043	0.00477356548122771	6.6953642817679e-4	6.19707570876926e-6	0.00139683479326777
A[T>A]T	0.0179801309923641	1.483316103986e-4	4.58886088381405e-7	0	0	0	0.00367497079043972	0.0322134336200543	0.018324676892953	1.5436434013682e-4	0.00467393604223616	2.89880052150693e-5	4.69346261809278e-6	0	4.4806875123477e-4	2.81178390727543e-5	5.0734875554894e-4	1.7276817932725e-4	4.58385120145977e-5	9.82349272817373e-5	0.00892450537998229
A[T>C]A	0.00384265570823542	0.00380807552045406	4.8035265941273e-4	7.6383478275417e-4	5.3243493175541e-4	0.761323230862617	0.00311496286173825	0.0839165305486416	0.00293472826965172	0.0024608881503524	0.00336462390138936	0.0018764397049881	0.00228995433198519	2.5178540963679e-4	0.0127329594398088	3.0190443713912e-4	3.6117620901235e-4	0.00122070733037667	1.6252491628876e-4	0.00545626854403243	0.0045405257279892
A[T>C]C	0.00869022404192947	0.0549682926107198	0	0.00687148645578418	0.008561472403146	0.0284469695528969	0.0166240839164443	0.00394686830055889	0.0716572194360197	9.6257748024072e-4	1.40129846432482e-47	0.0249036620411789	1.82168800362226e-46	0.00315407986199716	5.0304384902119e-4	0	0.0315583106433041	0.0047722501079261	5.720495537389e-4	0.0013270748811192	6.4735180698335e-4
A[T>C]G	0.0323983389139175	0.0276981896907091	1.2065311253536e-4	0.0103459133463912	0.00215320435267534	0.0143697517435066	6.7642638634424e-4	0.00161543810221492	0.0791586296260357	0.00346434349310591	1.88460872258336e-5	0.0293624732084572	2.38220738935219e-46	0.00113610660962877	9.52996523119509e-5	3.0621471481709e-4	9.0211247559637e-4	0.0896168764773756	0.0181827133352635	4.8055318144106e-4	3.5830362684564e-4
A[T>C]T	0.00121371974120848	0.00302532060734616	0.0016915821647697	0.00758426457708605	0.0206666578276046	0.0438177466858593	0.00669510025201084	0.0398284243892514	0.519265325367451	8.1107801060174e-4	4.0662702452189e-4	0.00285309055564621	0.00631092958515487	0.0366786931362003	0.00492313610972053	6.6556494339149e-4	0.0122661353725964	0.00379149106307409	0.0441379652758097	0.0265032359050953	0.00157600048667848
A[T>G]A	0.00327542744921296	1.8786151398757e-4	9.73021303352084e-7	0.00149760777902412	3.16210883255508e-9	8.44881415673626e-8	2.83791842470293e-9	0.108749887887388	1.26017208401663e-8	5.1574574186304e-4	5.72394804112264e-5	9.2604062627685e-4	2.80259692864964e-46	5.813615757688241e-9	0.00104744672730249	1.05698781849739e-6	0.00353959345568939	0.00101722926404781	0.00214626191405351	0.0547391155301737	6.6854127828408e-4
A[T>G]C	0.0174837260879576	0.00146947703349724	0	0.00228115985228214	1.6664246655087e-4	3.855913711593e-4	0.00216464103836188	0.00418935794135968	0.00141513020287676	0.00100746232341407	3.7589906992707e-4	0.00134157147651422	1.6794253009278e-4	0.00020341028015825999	0.00131318667965742	1.47338113312692e-5	1.1404280383635e-4	2.0990549586713e-4	2.4678417190443e-4	0.00258358661663723	0.00158895837259479
A[T>G]G	0.0213817171379924	0.00465599755785661	1.36131420731544e-6	1.72566086985171e-5	1.87104800716043e-6	0	9.454706024572e-4	0.00371596586992382	8.1399890805187e-4	4.217384583535e-4	1.19364618712929e-5	9.5811485327431e-4	4.65651479695137e-44	0.00772076501743868	2.7772018002023e-4	5.60519385729927e-47	2.8834217839175e-4	0.00937458734493703	0.00381857990912977	0.00849192542606034	6.7519704591177e-4
A[T>G]T	0.027093488061800598	2.93236143988906e-5	1.40129846432482e-47	0	4.12359349866165e-8	1.40129846432482e-47	3.1252969522029e-4	0.0130264778033961	0.024158588135615	7.23866885527969e-5	3.4785038915288e-4	0.00133749301428907	0	0	2.0221743034198e-4	1.40129846432482e-47	1.8286939128302e-4	7.12756512803025e-5	9.25761208475251e-5	0.0138066501775757	0.00267105184175307
C[C>A]A	0.0039840577892027804	0.00243368077790365	0	0.00225029684748733	5.39369171301019e-5	0.00103166231923751	6.11031745938817e-5	3.1251286258339e-4	2.9460960806318e-4	6.631576764168e-4	3.5245645577363e-4	0.00612436686409637	2.82654509646818e-6	0.0164623706950806	5.3484880598262e-4	1.29751358326757e-5	6.2471995106806e-4	9.08541198296e-4	0.00142226491672773	0.00758162690326572	0.00151656807764084
C[C>A]C	0.00269554560509278	0.0117235835888278	2.8025969286496303e-47	7.69750390377766e-5	4.07856712070043e-5	4.9036006961245e-5	7.69586149544921e-5	5.2310562436652e-4	0	8.9779998288723e-4	7.00549169050646e-5	2.8407692517049e-4	3.71544645167887e-5	0.0164930964936502	0.00581018261873396	1.4721606197994e-4	1.6378239788483e-4	0.00138664981001057	1.6456008888781e-4	2.9981173121996e-4	0.00437975295819342
C[C>A]G	0	1.6938477028964e-4	0.00958077096380293	2.1946227057867401e-10	3.4803552262374595e-11	2.8322202361152898e-11	3.28359384127452e-10	1.20209339365829e-5	3.23249627065536e-11	0.0300718951039016	0.00658980375943214	1.65324820500246e-11	2.9026482591024e-4	0.00819241544067086	0.0277517464324046	6.7974351967655e-4	2.68886651610956e-9	8.2962127402424e-4	7.10267706613687e-5	4.3060806032002595e-11	0.00378817809629709
C[C>A]T	0.0081171812210232	0.00326798823458375	6.1136174859711e-4	2.7048454760802e-4	4.20389539297445e-47	2.13291811451199e-5	4.9659082210382e-4	3.0482275118952e-4	2.13685842754785e-5	0.0103723116288893	0.00520213909796439	0.00789958964768678	1.1171620751648e-4	0.00919324856484309	0.00328651542062309	2.4098551628412e-4	6.0147295473144e-4	0.00195916412762017	1.4793619789998e-4	0.00199696154813864	0.00260462724036188
C[C>G]A	0.00684124184306711	0.00108798984765599	5.228804859712e-5	1.3869974200027e-4	6.34325981081929e-6	3.4289613380678e-4	3.1910579896663e-4	0.00149961744988104	9.34157869778574e-6	2.62728396774037e-5	9.830659747331e-4	3.07807947501715e-5	2.67684908067167e-5	4.1243039017445e-4	8.655353283757e-4	1.1553024432942e-5	2.43191025219858e-5	7.67778728456e-4	1.476798060338e-4	0.00210925634630257	0.00187809886061586
C[C>G]C	0.00604135511443019	0.00415680209640414	2.3388347696274e-4	0	0	7.91865386418067e-8	4.41714478984068e-5	2.9044332932001e-4	0	5.8350805675787e-4	1.1687772125059e-4	0	0.0010997404713578	0.00228888378902346	0.00134412248618901	9.04759173079928e-5	7.80670088715851e-6	7.8939736144093e-4	2.9444812797009e-4	3.74027003999799e-7	0.00235744835110381
C[C>G]G	0	6.0671930293523e-4	8.1377714948061e-4	6.88703458706641e-10	2.14047837232556e-10	0	6.21424650795532e-5	2.810518356969e-4	0	0.0013628850976875	0.0121256685908884	0	7.19291583698301e-5	4.400494341344e-4	0.00390587102977388	1.0043706073619e-4	0	4.1602272330854e-4	4.4192308560013e-4	4.63702196597637e-6	0.0112624288941151
C[C>G]T	0.0125063911732286	0.00149490917814546	7.2809129895176e-4	6.2740372261032e-4	1.40129846432482e-47	6.79067155033408e-6	4.1658892137093e-4	9.4235381651742e-4	0	5.2941457892188e-4	6.9902700531201e-4	4.36293843978319e-5	4.56863168801647e-5	7.52860075772332e-5	9.589209833939e-4	1.81078398600221e-5	4.51964983676589e-5	0.00120720516331858	2.0864779129624e-4	7.75096210418269e-6	0.00297076174232643
C[C>T]A	5.97293427808334e-5	0.00542400577571243	0.00178643016093702	0.00540628042654134	0.00630911006534007	0.00232248456022575	7.4554422765202e-4	0.00238767351676319	0.00297143176052487	0.00255441239918582	0.00340001997188665	0.0492706947028637	0.00602599385776557	0.0174032924044877	6.3444009982051e-4	7.7107491007566e-4	0.00747039696929278	0.0295877857971937	0.00545697372763243	0.00192478655852029	0.00176378251625922
C[C>T]C	6.7234394561599e-4	0.0363409710954875	0.00723783177672885	3.28584449130997e-5	0.00599135431519244	2.41477882082108e-5	7.8678172671074e-4	8.2495881593786e-4	1.40129846432482e-47	0.00136383821420168	8.5466646633532e-4	0.0125524984162803	0.0142572505341377	0.020610651585157	0.00918941135756707	0.00357760841710842	0.002192117816885	0.0256880037183873	6.5393982338719e-4	1.3732711988268e-4	0.00464464225864504
C[C>T]G	0	0.0023715969681507	0.0492602404206991	1.3160100678349e-4	3.6382251544644e-4	0	3.28056776197627e-7	8.5587315261364e-5	0	7.7756113241019e-4	0.0127584225224354	4.78935739955944e-10	0.0393449106876881	0.0132179938966874	0.0204824729217216	0.0328070880006999	4.54865046776831e-6	0.00270777375618198	6.82616792619228e-5	0	0.00650189466807125
C[C>T]T	0.00548376598977485	0.00272668245365821	0.0133192412788048	0.0103196721058339	0.00378248506574892	0.00100449662376178	0.0119059354497772	7.46407499536872e-5	6.1671049523283e-4	0.00663563908982493	3.8830502657944e-4	0.0308791434996238	0.0168284574570134	0.0449856811575592	0.00245174750934238	0.00374606629567917	0.0298267108597793	0.0362547801638721	0.00832195777795278	9.7393374773673e-4	0.00386712500574087
C[T>A]A	0.00237073061611156	1.2698280625045e-4	0	0.0966414971649647	0	0	0.0102529613960015	0.0165653034508359	2.8025969286496303e-47	0.00163500926530143	0	0	7.14458656148054e-7	0.0607754316926003	0.00100042325062987	9.33332086424343e-5	6.1589337853117e-4	4.6755477320402e-4	6.4158813329413e-4	0.0299760993756354	9.8769798642024e-4
C[T>A]C	0.00959986329311505	0.0456915960740298	6.1487840563168e-4	0	0	1.58827708673925e-8	2.2770391922677e-4	0.00108830510529515	4.2478504382103e-4	9.8998764526186e-4	0.0148927922919393	0	0	0.0567991586588323	2.7907414361834e-4	7.70809236564674e-5	0.00104416349146049	7.6437150128185e-4	1.26116861789234e-46	5.955544132803031e-17	0.00867500802967697
C[T>A]G	0.00399647618007293	8.7188169185537e-4	0.00192053283892164	0.00210123058888712	8.4077907859489e-47	1.40129846432482e-46	0.00367913337337086	0.00261647430888843	7.5985374685842e-4	0.00813090229075669	0.00315655273687768	0.00747040064423345	0.00302570751129369	0.112103137746453	0.00191555323678559	2.3013446700027e-4	0.00124788845598636	0.00535187975678127	0.00898625214322237	0.00714251836556437	0.00284729088078166
C[T>A]T	0.0259511618688703	0.00621914642746575	3.4459641504432e-4	0	3.12067435965808e-16	2.8025969286496303e-47	0.00500723279115342	0.0088173084963636909	1.4960088759835e-4	0.00551463905609126	0.0171543501503766	0	7.8433724273475e-4	0.0458819354232401	3.3739113889169e-4	0.00245808393192419	0.0110716063133441	0.00180373790863086	3.3412531949579e-4	5.49885240616277e-6	0.0187153493310325
C[T>C]A	3.5032461608120403e-46	0.0163667133055706	0.00195171967797712	0.629019477963448	0.0621072721667588	0.0311546841822565	0.0117778793299273	1.48537637218431e-45	0.00223976781256626	5.3335275501012e-4	0.00179724760931421	0.00573861224627763	1.25582085456699e-5	7.14662216805657e-46	1.48537637218431e-45	2.32600211165845e-5	0.0230357224618979	0.0194261052075619	0.00126897760379069	1.19110369467609e-45	0.00314453116181749
C[T>C]C	6.0027150322704e-4	0.219528962448239	0.0104566479664109	4.8348422296514e-4	0.00284460974347897	0.00144690116667281	0.0128618339402601	0.00118103623271963	0.0181226184839299	0.00168574428999559	8.1730606285884e-4	6.8311111594098e-4	1.7947350376871e-4	0.0158807727415115	0.00293699983882683	0.00969359236769383	0.0159442065527593	0.0216615473362271	0.00358905036828673	0.00243939218169544	6.6946356476478e-4
C[T>C]G	0.00152703987849236	0.0345928501884919	0.00145512477715848	0.0171943002194166	1.1704717100996e-4	0.00303141602213526	4.5894765149569e-4	5.5829244083725e-4	0.023370598446927	0.00924767139280448	0.00857319188537076	0.0107516484349617	0.00444175226444085	4.6949002034185e-4	0.00214717331309467	0.00279560240829895	0.0037920387234774	0.125681858276948	0.025113167733070402	0.0155576204927638	0.0134242268884555
C[T>C]T	0.0151884351254572	0.00990840521300657	0.0105154666083399	9.10844001811131e-46	0.0241779492477513	0.00931519793448388	0.0132049452355387	0.00755646314703262	0.0177690659514673	0.00476888239849359	0.0034935342704921	3.1397081911563e-4	0.00163625728688203	0.0337901772400017	0.00208899570362411	0.00276474132775869	0.1291945385281	0.112357885658275	0.0318881036978566	0.0294416724587791	0.00936171372265417
C[T>G]A	0.0136937676183879	1.9501519709592e-4	3.06930733970035e-6	0.0788498535933036	1.40129846432482e-47	0	2.64786227823777e-7	0.00233536556273418	3.6080314202990904e-9	0.00432763385295402	2.7063353521953e-4	0	9.67445653964205e-5	2.82062048790978e-5	0.00688510079510422	7.93286527461845e-5	3.5164986804829e-4	2.2113643391095e-4	0.00210883947787121	0.0459789961039297	8.04180593695491e-5
C[T>G]C	0.0229158537276089	0.0245311623346061	0.00177458547397691	2.34502443345264e-5	8.4077907859489e-47	1.7300012535997e-4	0	3.6074000992812e-4	6.1105515840608e-4	0.00521570881915977	0.0012033057957683	4.9609159716055e-4	6.19616534095257e-6	0.0125324017793173	0.00220473902125695	7.4511964186968e-4	7.39987986162305e-5	0.00144939160672948	5.3645092419174e-4	7.06391946005169e-5	0.00136174671024492
C[T>G]G	0.0110194712039083	0.00496208096243208	4.20389539297445e-47	0.0037926801899448	0	0	0	2.6780143845826e-4	3.1378024461446e-4	0.00424896928539965	0.00327998414752074	7.8651604591868e-4	1.40129846432482e-47	0.0146267781313509	0.00299399510672828	4.84382675494999e-5	1.7164074855827e-4	0.014566980371601	0.00716430652479176	0.0169325367314741	2.3534477573961e-4
C[T>G]T	0.0376646101102233	0.00529602695558793	4.15365997469053e-6	1.43590805237181e-6	3.43599633924896e-5	6.32459874759661e-5	5.928050233506e-4	0.00154330944396861	1.9482623712974e-4	0.00521808363846503	0.00179106032039272	4.2179581403615e-4	1.82168800362226e-46	0.00119683006096239	9.6938992763171e-4	9.52677498595821e-5	0.00679152965691173	0.00655542887427146	0.00229963862366276	0.00526368867431302	0.00380531657254323
G[C>A]A	0.0230638230033219	7.9445439681876e-4	6.66600040858612e-6	1.76148045284208e-5	2.6629786800185e-4	1.2202727889683e-4	0.00379187086189631	0.0027673869006685	1.7437296245589e-4	7.8076755483506e-4	0.00143764209315123	0.0101955854229163	2.3117296223063e-5	0.00462354366201907	0.00550690527015831	4.84887626953423e-6	0.00109437922219513	8.5552049672163e-4	2.1191342137171e-4	0.00701008026953787	0.00359959193447139
G[C>A]C	0.00577682536910288	0.011101664477028	0.00105916927334192	2.28071876335889e-6	0	0	2.49353914114181e-5	6.0257181517045e-4	0	1.896627782844e-4	0.00642608330912481	0.00368322300491855	8.64475908747408e-5	0.00458064108558148	0.0135226459568366	0	6.73741812352091e-5	0.00167701096681412	3.7599814822897e-4	9.3648169277003e-4	0.00965607434045523
G[C>A]G	4.34886603526863e-5	8.83959808639645e-8	2.31782794243296e-6	4.2364987954624e-7	1.37074408963269e-7	2.37072934328209e-8	1.3991577492968e-7	1.2199014758129e-4	1.81667055361157e-7	0.00241890321279574	1.0009177454207e-4	2.5960473411739e-4	0.00558238065231612	1.27951622558211e-5	0.560606392303016	7.13283737128114e-6	8.14701292887127e-7	1.81224174671257e-7	5.37506107010088e-7	5.86012404451199e-5	0.00226564552381085
G[C>A]T	0.0115043942304328	3.8789216076111e-4	3.2062327863968e-4	2.16754589714967e-5	0	2.69973366812337e-6	1.3812890043482e-4	0.0011210013206437	1.0635216081937e-4	0.00948754549026489	0.00538949962123297	0.00936163615435362	7.7310979676596e-4	1.27653067465872e-6	0.00774940751782261	0.00131525235039552	1.6258100746199e-4	4.9341726349666e-4	7.7864026014308e-4	0.00556841079727747	0.00666241412807722
G[C>G]A	0.0176243520993739	8.6621220223605e-4	6.87241058390953e-5	2.6845307324507e-4	1.7348385024547e-4	4.95052139740437e-6	0.00352324725419749	0.00384523460525088	2.1888847488725e-4	6.28707692521857e-5	4.4807928734371e-4	0	2.3080800072428e-4	0.00250905373162823	0.00106249978263804	2.36801963183098e-6	2.8684567041636e-4	0.00236857022515324	2.640678910393e-4	0.00403705135083666	0.00133912598685129
G[C>G]C	0.00587218734901398	0.00882173884223448	0.00110180337612292	1.20675417065286e-6	5.46465154911857e-6	0	7.0278968996717e-4	8.1247940671162e-4	1.88972480827943e-6	0	0.00304726310896269	0	7.63248586956422e-5	0.00289851183828432	0.00602643788850401	7.68096302635968e-6	8.51823555896747e-5	0.00213464226396468	5.9297305982909e-4	0.00205724136212666	0.00248131659849621
G[C>G]G	0.00232946709437272	0.00366392531458629	4.2643963915622894e-11	2.2833190449489403e-9	2.84958195884144e-8	5.788369286108261e-9	0.00108133870262378	0.00363528528210239	4.42275646150847e-8	0.00196131979692738	3.4803738443443e-4	4.76408752092539e-8	0.00264960367091097	5.40252219188098e-5	0.0346804352134268	8.1180629674353e-4	3.51838325229892e-8	0.00330518540697367	0.00646787105439435	3.9120513429105e-4	0.0152662352717192
G[C>G]T	0.013234198903665	8.1859808875378e-4	1.0608843771748e-4	0.00189382192416815	2.37492684391327e-6	3.5453827586025e-5	0.00114970136101698	0.00132480262509489	0.00142825089436883	0.0020664527072222	0.00195857719110791	1.40129846432482e-47	2.55501327046659e-5	3.973590010537e-4	8.4678305778652e-4	0.00128933940699881	7.26461574959103e-5	2.6963974461978e-4	8.3372184650215e-4	0.00317489363369532	0.00493901451467536
G[C>T]A	0.0187618649471551	0.00985727740684524	0.00335636082018027	2.57066763879266e-5	1.5636698468698e-4	0.00110072456525813	0.0350244312919676	0.00732037850277266	0.0195371253229678	8.775370769581e-4	5.5525252683384e-4	0.0495411179214716	0.0169580708653666	0.00400214653520379	4.1991732316091e-4	1.1088069885166e-4	0.0267730451002717	0.0382357283355668	0.00516560692820349	1.2237769085913e-4	0.00379103089471755
G[C>T]C	2.00068764388561e-5	0.0582913855393417	0.0160605252091773	4.06640424625948e-5	8.95879685413092e-5	0	0.00536005606236991	0.0024416863793158	2.628260777783e-4	6.9807054009288e-4	0.00342905442858213	0.0100976069062017	0.0181655910913833	0.0108380391361425	0.0048742154618958	4.20389539297445e-47	0.00119386467820732	0.0158444511757989	0.0118801771596918	3.6949214974811e-4	0.00270955296838245
G[C>T]G	0.00367328186362773	2.1064071780912e-4	4.6902796847618e-4	3.37595159777271e-8	2.75514196752664e-5	4.97031705748441e-8	1.1707610358291e-4	0.00104037679194092	1.15654385868456e-5	0.0013429873091983	0.00114501110044029	4.49208200983829e-8	0.754430380165577	1.42475998747329e-7	0.00618638696308684	0.0041571405869316	1.19817502418588e-7	3.4657894033036e-4	0.00119361008817637	9.70082065979281e-6	3.43052516171838e-8
G[C>T]T	0.00403040101751685	0.0208726761426086	0.0109719262598082	0.017049014731310302	0.00124026118020993	0.00470363199217579	0.00819196109543555	2.2096585387771e-4	0.0253210352081806	0.0130019575357437	2.56427668502197e-5	0.0138764285151157	0.0131170966557693	0.0307593121938407	1.8732385477051e-4	0.0183043649839237	0.0152796531200875	0.00365466566727264	0.0504621614240379	0.00105571075633634	4.7436036169529e-4
G[T>A]A	0.0130159163428471	1.6579795628786e-4	1.0762725678517e-4	1.37553302081983e-10	0	1.40129846432482e-47	0.0703671403834596	0.0225158714052773	6.22441262976281e-10	9.1999046724128e-4	0.0031476850520995	0	1.87603189260699e-6	0.00658625397013807	0.00222000880436724	3.06744133834735e-5	3.58898136165919e-5	0.00107248847591109	0.00101167811197229	0.00625898205635679	0.0110927234974224
G[T>A]C	0.00758786523249	0.00885542123229243	5.51118501020757e-6	1.8766310382301e-4	0	0	0.00347506209531275	0.00364164200116648	1.8227853533972e-5	0.00407175320608192	0.00767562281806022	0	0.00160866163817246	0.00423650009950507	7.6124593331769e-4	9.7305776005896e-4	1.3444504932746e-4	0.0011769689800667	2.3255814314296e-4	5.6230539839816e-4	0.0110586035892447
G[T>A]G	0.0147283211234026	0.0143027311097831	1.4910800322589e-4	4.24523968831636e-6	0	0	0.0034743248228915	0.0108300450863317	0	8.66611145807407e-6	0.00815732756978832	0	2.89666093885899e-5	0.0300433375779539	0.00273784407268238	0	2.4738701060414e-4	0.00597856183619054	6.5140972898113e-4	4.3236867736141e-4	0.00986362419556826
G[T>A]T	0.0105262000253424	8.6371667015483e-4	2.5754176764975e-4	2.55448825541205e-5	9.8698474421326e-5	1.40129846432482e-47	0.00923954305078951	0.0104277371983335	5.32556450343691e-5	1.6951764002442e-4	0.00459393646451645	0	1.4128955975758e-4	0.0020686133559502202	0.0055648958767415	0	5.2957163224313e-4	3.0971881173172e-4	0.00111846802770742	2.4102882209149e-4	0.0105068086273968
G[T>C]A	7.4356096796691e-4	0.0237096053783898	0.002123637306388	7.2361353581298e-4	0.0358176045576676	0.0114590959809152	0.317304726541042	0.00654081832617521	0.00353835688205436	0.00201743938373293	0.00190471297897757	2.3564063332742e-4	0.00104256073148924	0.00104394016205333	0.0032764723740911	9.3045210611195e-4	0.0128011751128361	0.0161718720913839	0.0110700374213047	0.0062374254372218	0.00378653370658867
G[T>C]C	0.00139234973474231	0.046365775084123	0.00379733883994049	0.00495721390761901	3.0166923902437e-4	4.7486751660471e-4	0.0207132682821248	0.00261945519607252	0.00244585028587638	0.0146258079493418	0.00368676420754019	4.8452350244588e-4	0.00998286707676016	0.00145507151493883	0.00213872417676858	0.0111971951602027	0.00938963534965296	0.0223415454663336	0.00793721358757466	8.1917429642945e-4	0.00484134026744869
G[T>C]G	0.0157828503497876	0.0367907491250662	0.00932032605167479	0.00214426432271392	0.00170952751010191	1.1637637071544e-4	0.00575106622971362	0.0139887569438724	0.0021337027606687	3.41122993268073e-5	1.6053484972799e-4	9.687578090235e-4	0.00960672564920969	0.00405458295734803	0.0103912851677151	5.5652220689808e-5	3.6485372610272e-4	0.0927021455019712	0.00981135151403123	0.00115482372231781	0.00157640302553773
G[T>C]T	0.0033554149333213	0.00943822337896563	0.00486879964242689	0.003139057525464	0.0162221083743498	0.00188370122084137	0.0374197508208454	0.011270693855113	0.0174018299521413	0.00104057580902008	0.00379004002155853	0.00376701752102235	6.3087953957961e-4	0.0275807987712324	0.00888070346459545	2.0177416683545e-4	0.0187291057640687	0.024168931731424	0.0639836677070707	0.00217377109199261	0.00234467284973108
G[T>G]A	0.0119133430952206	5.7490474137011e-4	5.61848185945735e-6	2.8025969286496303e-47	0	0	0.0424517499888316	0.0084145975790193	0	0.00143105287956132	3.348351167287e-4	0	4.51136702689325e-5	8.18569147850212e-5	0.00687811057694489	1.2838461842648e-5	1.4048423618078e-4	3.3691315182327e-4	0.0011461667413494	0.0191257080063224	0.00408343327755574
G[T>G]C	0.00806233698967844	0.00594993670936674	4.24139734598428e-5	8.3208586758701e-4	2.82618711935356e-6	4.91440555754252e-5	8.8222825748687e-4	2.7873099761565e-4	1.5547253853583e-4	0.00848527233232744	0.002223118626207	2.4800173800031e-4	1.26116861789234e-46	0.00281405209942022	7.420195225859e-4	3.723149590154e-4	1.510729855363e-4	0.00244304096238921	7.7676431583899e-4	0.00310425985546317	0.00448390264849877
G[T>G]G	0.0103396233497188	0.0144694315405877	0	1.6991290097351e-4	1.10634423617739e-5	6.44536121399142e-7	4.4457822023844e-4	0.00473433247007051	0	1.3202820307924e-4	1.40129846432482e-47	0	6.88825009274297e-5	0.0103943254446131	0.00865189890144393	1.44245183037128e-5	2.0143369212746e-4	0.00671387975099369	0.00130865353183563	0.00609792999457568	0.00195478967571444
G[T>G]T	0.0107182981446385	0.00376184769265819	1.2120625197894e-4	6.0289469662166e-4	0.00137464998777432	1.4281051422585e-4	9.6791282703634e-4	0.00464147253427655	3.1286494777305e-5	1.4318516448838e-4	0.00104460783670229	7.2766656987369e-4	4.06907943488477e-5	1.6494690862601e-4	0.00187614651673357	0	4.0819714000463e-4	5.5753130257281e-4	0.0024254308691161	0.00640264780609869	0.00210775107207155
T[C>A]A	0.021503259819001	1.0216332301752e-4	9.41271773262997e-5	7.2566395836474e-4	4.71045776686363e-5	0	3.5320497340698304e-15	7.3383428389835e-4	7.9587448953711e-4	0.0109863025462255	0.00477503289934248	0.0216961236204952	2.3322978366426e-4	0.0130574497766793	0.00842677134205587	0.00130149172131523	0.00321308873489998	5.0977614802675e-4	7.7889104453788e-4	0.00238005917493865	0.0034041243205138
T[C>A]C	0.0157464258745313	0.00437450934885419	3.9610109120616e-4	1.333446096487e-4	0	0	0.00114434915070888	0.00369221694425681	2.87877961818595e-5	0.00486984631017549	0.00180147091276012	0.00447293008692213	0.00157682780935601	0.00657737937755883	0.00514158134570153	0.00155782797475882	0.00175809776636015	4.4040445471182e-4	0.00117579637722109	5.6851190058889e-4	0.00948274269932881
T[C>A]G	2.72444646283532e-5	6.65420025980357e-8	1.1369923587034e-4	2.38213454018421e-6	4.63054684685105e-8	4.36893460554176e-8	2.24655818690245e-7	5.29453284352499e-7	8.15286329824971e-8	0.474949498083443	0.00268110050972438	1.345574441617e-4	6.84325641720808e-8	8.80084330268982e-6	0.00228869969127894	0.0102614828441962	3.99811587649768e-8	1.43289814131947e-7	2.75793163297955e-7	3.01484406989516e-6	0.0012871431006856
T[C>A]T	0.0116202071506996	1.0121285566128e-4	5.3506817199081e-4	0	0	0	0	0.00185785624547862	0	0.0197214571107179	0.00672601199417841	0.0149902411224321	5.80752533278428e-5	8.55485233478248e-5	0.0100066415703623	0.00192777174144794	0.023432615972124	7.7572789159603e-4	2.4029889144003e-4	0	0.0129505751677789
T[C>G]A	0.0232925041206181	6.3510478503307e-4	6.39695739666793e-6	5.2118012595201e-4	4.81950613902882e-6	0.00354546121438034	8.4751968661294e-4	0.00172156248460226	7.1761031323001e-4	0.00243553855927532	0.00104571709352058	0.0019221142459719	1.57584273256361e-5	0.00825428416021168	0.00194145018711424	1.7522117479319e-4	1.5426614127496e-4	2.2910713094517e-4	2.2092346276622e-4	0.0100974753662013	9.2243806124315e-4
T[C>G]C	0.0204711338318884	9.6036739909322e-4	3.6372386459335e-4	0.00143776661891025	4.20389539297445e-47	2.5260420305274e-4	0.0023952996043954	0.00210805075158746	1.58521886987728e-6	0.00221086119378015	0.00284026378794806	0	1.7819632194005e-6	0.00394906661473215	2.9430960072204e-4	1.8767923236737e-4	1.3302592102263e-4	3.5925839362789e-4	1.9026240101084e-4	0.00459823538782075	0.00300948650852661
T[C>G]G	7.36166439821923e-5	0.00119403901086769	6.65679968242046e-8	1.52642196871144e-5	3.71549027598301e-7	1.04201650632106e-7	6.8162206565771e-4	0.00143548700124001	2.09121758452113e-7	0.0434551821050289	1.1724242133578e-4	1.16479018201776e-7	3.9216469044614e-38	2.3016205748256e-4	0.0128570778852166	0.00264674545867093	3.36382461476603e-7	7.95961488474673e-5	2.96598816191818e-7	0.00420182187216184	0.0176750874752271
T[C>G]T	0.0265421615354717	0.00100034723524004	2.66737613492296e-5	2.8473806396846e-4	0	4.46628574864e-4	1.40129846432482e-47	0.00276853541366938	0	0.00521931274211966	0.00255809204929392	0.00238558140794992	1.72066292725503e-5	1.9444761333659e-4	0.00156164828891633	1.3633091468421e-4	0.00942330860183574	2.1522452589124e-4	9.29342349991202e-5	1.15393765736371e-5	0.00183350150373372
T[C>T]A	0.009063301536371	0.0143907592912728	0.00607477922696193	3.9236357001094905e-46	0.01437301751419	0.00487975302331726	0.00891472788533994	9.4057732261717e-4	0.0169337965853629	0.0204537387192249	0.00231341505370935	0.14041181512177	0.00986269677174278	0.0118161611573305	0.00303339101490845	0.0194034902658314	0.0625299721583724	0.0425792816968169	0.014874716170476	1.09779427293688e-5	0.00440250032086625
T[C>T]C	0.0245784433651716	0.0387614911748096	0.010815054369159	0.00854443661912228	0.00281931413628627	0.00159026638033849	0.0219435298536126	0.00736237684524895	8.3039163975627e-4	0.00281932243901419	7.4637995710247e-4	0.0369253832171671	0.0121334012900479	0.00689819459268847	0.00167324518597979	0.0115058312891051	0.0394225018285215	0.0105420389858773	0.0249602523772046	3.2879802864044e-4	0.00332723851437242
T[C>T]G	0.00189860630871684	4.7547979613146e-4	0.0157023664932591	5.64293929120074e-5	0.001280836833091	4.47061226555175e-8	7.82600515570312e-5	0.00229684402057253	7.05580305545084e-5	0.061257369867992	0.0224008901082949	3.94695753046625e-5	0.0112393269332294	4.3102528497258e-5	0.0226459068858264	0.789727827608585	0.00344438611630597	3.1162970426379403e-9	0.00132237781230687	3.6982890990298e-4	0.0651469073930988
T[C>T]T	2.571113302838e-4	0.0175385805265978	0.0196431399462745	0.0286073837103322	0.00460838424301926	0.00463680785796898	0.00676958779339568	0.00398543898196674	0.00744509997760463	0.00348083357748497	9.7872478901178e-4	0.0400634797291329	0.00231497977372191	0.0224219638289656	0.00296472170414741	0.00238490365920158	0.381346352696419	0.00399113279151185	0.0427174182184572	0.0123829304147512	0.00405234535277999
T[T>A]A	8.91418924453546e-9	4.8259798420133e-4	7.69158530722791e-6	4.82321257551455e-5	0.00889888741517922	4.310206914761571e-9	0.0347202925049635	0.084701203592231	4.8360974806747e-4	0.0040370573432750604	0.00146723408014047	6.35276185798617e-5	3.395576568025e-4	0.0130651428772538	3.1671830599296e-4	4.59431787236803e-5	0.0126563490001079	0.00450897006941744	0.00411407094510636	0.0773417859743969	0.00831720778206912
T[T>A]C	0.0227221998944879	0.00285322417233687	2.31495126644177e-5	1.7155235744213e-4	4.66408819193021e-6	0	0.0119272805191577	0.00556989664270077	0.00201128804537166	0.00513005998684093	0.0011172140021589	5.6037431702862e-4	1.7101928314392e-4	0.0122425947478041	4.6865664051438e-4	8.0396201017565e-4	0.004777599418303	1.9776802218984e-4	3.1986381554816e-4	2.2376471825504e-4	0.0056405691782129
T[T>A]G	0.00743317619431764	6.23458181507886e-5	0.00147136691753985	0	0	0	0.00929090923943647	0.0084287734577083	0.00164849340020737	2.5782610348448e-4	0.00340653996710918	0.00737688396824524	9.0042101670736e-4	0.0343242359440774	0.00136064695685095	0	5.704842627756e-4	0.00178654414725315	0.00792008547097794	0.00212834764305349	0.00501106436830014
T[T>A]T	0.00617463952803519	2.3799689172551e-4	5.37304615831286e-6	0	0	0	0.00231140202330017	0.028294226595317	0	0.00469669237558264	0.00410455923643895	1.6758176973588e-4	3.2823165168896e-4	0.00793675934366547	0.0086932449019514	1.509536483611e-4	2.6407166311855e-4	2.7439137458042e-4	0.00429402989567493	7.006492321624091e-47	0.00762033316103043
T[T>C]A	0.0017439504763575	0.00574759879639643	8.3009593743202e-4	0.0149646141386241	0.707847219705582	9.2039275605774e-4	0.00281445245017939	0.0430869994794021	0.00543990032672838	0.00341636929654362	7.3299622988468e-4	5.3041868341766794e-36	8.429105925438e-4	0.00171461781765372	0.00558600912898848	9.8848592195429e-4	0.0010307877138257	0.00545745839129431	0.0133496488867521	0.148477484683463	0.00665425713554454
T[T>C]C	0.0298571104742587	0.0388794711162336	2.0782639621757e-5	0.00646107719861902	0.00953963349955342	8.93826386891394e-5	0.0529924552189335	0.0010808654599073	0.0258335497928783	0.00483906125675311	2.85661668749526e-5	0.00205340628212383	1.4848504579278e-4	2.2256124240811e-4	4.3701286335561e-4	0.00498797547243044	0.0260501868173015	0.0215644840564619	0.0406365126837045	0.00229310379392701	8.3343820649165e-4
T[T>C]G	0.00714337284327485	0.00403824862936745	0.00581147714750841	1.4229126711143e-4	0.0125274321762845	1.40129846432482e-46	0.00742682005278795	0.00684527718543415	0.0325859525147826	2.0596546120941e-4	0.00214432582434753	0.00222100132221458	5.3001957291578e-4	1.86622678302228e-5	0.00522569106949277	7.86485645221546e-6	8.2680377789074e-4	0.0557059996388853	0.0578017603443004	0.0174468953348696	0.00644969132757979
T[T>C]T	0.00201312830591203	0.00760547668284914	7.0273593940625e-4	0.0130576252602465	0.0264702374878423	0.0312155322065106	0.0196924124309391	0.0258590562766774	0.0150116629572585	0.00398044270956914	0.00132946536578752	0.00212254328886047	4.4619649790852e-4	0.0357195758889429	6.4072195615153e-4	8.6559601312022e-4	0.0137014349214645	0.0111682388808578	0.349428593888879	0.0239703082570873	0.00147521166668702
T[T>G]A	6.4933388097131e-4	1.59856359446015e-6	1.1089346174959e-4	1.27299777830103e-9	3.91882606312459e-8	5.86075504349637e-9	2.87216504622223e-5	8.0236635428861e-5	3.56592868389072e-8	2.91430611867141e-5	3.8625333384404e-4	9.963615679176031e-9	1.8899901554903e-8	1.08833344768566e-5	4.55303380416439e-6	2.57017686097413e-8	2.05992373599972e-6	3.7290380202375e-5	0.00122933045282478	0.275109810978174	0.00224282689970969
T[T>G]C	0.0322936107218266	2.7423010455095e-4	4.73787731607445e-7	1.567082645306e-4	4.38126469452982e-5	0.00210033526949701	0.00235987080537598	1.1677842820063e-4	8.3836226657808e-4	8.9061140464764e-4	1.84688818990253e-6	8.7859932260471e-4	1.40129846432482e-47	0.0057196858455427	2.0988190348779e-4	3.78819592287982e-5	0.00195007752481615	3.4592385294672e-4	0.00288802474649856	0.00972441164311022	1.8761081111733e-4
T[T>G]G	0.0120045550167561	5.0837245886617e-4	4.20389539297445e-47	1.1172642580307e-4	4.1386102406249e-4	0.0011961128158671	7.7435085753677e-4	0.00123793961952288	0.00526996502710972	8.24733400804689e-6	5.0741939725412e-4	5.465064010866791e-46	1.40129846432482e-47	0.0144923130143434	9.22902912134305e-5	0	2.7260313276201e-4	0.00372618117093225	0.00767938857199624	0.0222822803072631	0.00128912587264495
T[T>G]T	0.0301580582425856	0.00096757069755598005	1.9159161368520501e-10	4.7596958569471e-4	8.34117628301101e-10	0.00225890722130913	3.02885132441588e-8	0.00500081738835434	6.7844411940313e-4	1.20251113548875e-5	1.40129846432482e-47	6.5557965936022e-4	2.8025969286496303e-47	4.48798804581863e-5	1.39052758459002e-5	0	3.82230979312226e-9	1.4032983653038e-4	0.00854985206337454	0.0153703316413188	7.52196070295969e-26
