MutationsType	SBS192A	SBS192B	SBS192C
CUAA	0.01317232	0.01356166	0.02179890
CUAC	0.00500072	0.01229335	0.01857653
CUAG	0.00000001	0.01508497	0.00003580
CUAU	0.02687453	0.03397988	0.01835632
CUCA	0.01088639	0.00981266	0.00816979
CUCC	0.01445998	0.02107925	0.00935473
CUCG	0.02132511	0.02705839	0.00917853
CUCU	0.00542518	0.01356782	0.00669243
CUGA	0.00703172	0.00838849	0.01246181
CUGC	0.01061980	0.00997824	0.00719727
CUGG	0.00226192	0.00620033	0.00561884
CUGU	0.02151417	0.02342745	0.01108418
CUUA	0.02341758	0.02168005	0.01092599
CUUC	0.02751683	0.02509376	0.02580303
CUUG	0.03514584	0.01341904	0.00909102
CUUU	0.02503121	0.03336905	0.02563577
GAAA	0.00953702	0.00964195	0.00969481
GAAC	0.00834917	0.00829858	0.00975688
GAAG	0.00676643	0.00950711	0.01009639
GAAU	0.01780121	0.01333202	0.01285225
GACA	0.00276649	0.00384206	0.00523480
GACC	0.00204438	0.00322569	0.00249093
GACG	0.00423327	0.00318053	0.00322432
GACU	0.01973119	0.02274989	0.00284076
GAGA	0.01625519	0.01163234	0.00760387
GAGC	0.00555434	0.00419251	0.01043850
GAGG	0.00781799	0.01106629	0.00477753
GAGU	0.01975485	0.02193359	0.02078261
GAUA	0.00694992	0.00989306	0.00765310
GAUC	0.01318040	0.01574144	0.01365514
GAUG	0.00481753	0.01041792	0.00926929
GAUU	0.01509926	0.01373009	0.01780321
AGAA	0.00388402	0.00696405	0.00339419
AGAC	0.00626770	0.00823790	0.00722477
AGAG	0.00547935	0.00553996	0.00800164
AGAU	0.01180785	0.01155435	0.01089267
AGCA	0.00664619	0.00812945	0.00384999
AGCC	0.00141390	0.00189627	0.00321082
AGCG	0.00965906	0.00351065	0.00252441
AGCU	0.01576394	0.01411973	0.01219025
AGGA	0.01743482	0.00944617	0.00514480
AGGC	0.00616804	0.00476584	0.00581834
AGGG	0.01438624	0.00984192	0.01156681
AGGU	0.01699165	0.01762639	0.00599772
AGUA	0.01445250	0.01305201	0.01000061
AGUC	0.00618877	0.00911024	0.00732737
AGUG	0.02262288	0.01348448	0.01376096
AGUU	0.01568990	0.01674422	0.00391262
UCAA	0.00481511	0.00628112	0.00690712
UCAC	0.01807821	0.01604502	0.00529096
UCAG	0.00628310	0.00996388	0.00248369
UCAU	0.02529652	0.03012224	0.01918173
UCCA	0.00556179	0.01129787	0.00882545
UCCC	0.01501248	0.00788543	0.00871768
UCCG	0.00609843	0.00923118	0.01267671
UCCU	0.00898851	0.01235959	0.00961753
UCGA	0.00855448	0.00808241	0.00418333
UCGC	0.00657961	0.00843055	0.01570802
UCGG	0.00832638	0.00533711	0.00452266
UCGU	0.01463834	0.01823201	0.01641192
UCUA	0.01719404	0.01575612	0.01144490
UCUC	0.03885886	0.03020209	0.02154653
UCUG	0.01770046	0.01384526	0.00985889
UCUU	0.03210048	0.03144774	0.02538190
GUAA	0.00499009	0.00302461	0.00715449
GUAC	0.00224803	0.00275585	0.00181556
GUAG	0.00781094	0.00675421	0.01246653
GUAU	0.01240386	0.00253281	0.00890898
GUCA	0.00096090	0.00091123	0.00469476
GUCC	0.00107115	0.00183867	0.00063260
GUCG	0.00207099	0.00288986	0.00279727
GUCU	0.00313267	0.00730320	0.00161473
GUGA	0.00293044	0.00134366	0.00318627
GUGC	0.00038097	0.00035216	0.00296092
GUGG	0.00285651	0.00164015	0.00127720
GUGU	0.00101661	0.00327600	0.00484104
GUUA	0.00643931	0.00409806	0.00296103
GUUC	0.00265923	0.00403041	0.00585155
GUUG	0.00390435	0.00601643	0.00704185
GUUU	0.01762590	0.00854392	0.01311263
CAAA	0.00047967	0.00147630	0.00212026
CAAC	0.00365069	0.00000539	0.00351582
CAAG	0.00001046	0.00214733	0.00001802
CAAU	0.00279745	0.00184267	0.00456458
CACA	0.00056519	0.00014976	0.00306292
CACC	0.00076073	0.00029727	0.00106096
CACG	0.00528402	0.00463787	0.00172645
CACU	0.00043857	0.00200561	0.00088235
CAGA	0.00488417	0.00066001	0.01134259
CAGC	0.00035201	0.00149239	0.00059153
CAGG	0.00012302	0.00026567	0.00184165
CAGU	0.00144924	0.00124897	0.01030239
CAUA	0.00166289	0.00226439	0.00377261
CAUC	0.00061984	0.00071777	0.00268024
CAUG	0.00345866	0.00145787	0.00185215
CAUU	0.00225790	0.00320674	0.01004773
GCAA	0.00002398	0.00004123	0.00121789
GCAC	0.00004151	0.00000862	0.00082467
GCAG	0.00001113	0.00011703	0.00083427
GCAU	0.00021767	0.00029639	0.00137015
GCCA	0.00000143	0.00000081	0.00007146
GCCC	0.00000161	0.00001891	0.00049513
GCCG	0.00029530	0.00008625	0.00195938
GCCU	0.00016133	0.00021597	0.00045530
GCGA	0.00007179	0.00000110	0.00033419
GCGC	0.00005212	0.00010092	0.00077844
GCGG	0.00003394	0.00002356	0.00010800
GCGU	0.00016653	0.00020832	0.00063405
GCUA	0.00009853	0.00000013	0.00041957
GCUC	0.00002503	0.00007009	0.00192726
GCUG	0.00000037	0.00002105	0.00077586
GCUU	0.00062961	0.00004299	0.00215042
CGAA	0.00002791	0.00019291	0.00044424
CGAC	0.00000578	0.00018994	0.00058387
CGAG	0.00000113	0.00018471	0.00010561
CGAU	0.00017892	0.00003036	0.00096300
CGCA	0.00000123	0.00000067	0.00014441
CGCC	0.00007075	0.00000134	0.00048553
CGCG	0.00020193	0.00001432	0.00106261
CGCU	0.00023054	0.00005934	0.00026327
CGGA	0.00001321	0.00000799	0.00126900
CGGC	0.00071707	0.00044324	0.00221411
CGGG	0.00001638	0.00000581	0.00061907
CGGU	0.00006663	0.00025397	0.00219092
CGUA	0.00007891	0.00003129	0.00062922
CGUC	0.00001592	0.00000101	0.00123349
CGUG	0.00014093	0.00000001	0.00096749
CGUU	0.00012263	0.00000207	0.00072813
ACAA	0.00065615	0.00040118	0.00012446
ACAC	0.00060207	0.00076227	0.00203831
ACAG	0.00053416	0.00025492	0.00008616
ACAU	0.00066913	0.00025501	0.00247671
ACCA	0.00119120	0.00061591	0.00281568
ACCC	0.00027336	0.00012819	0.00213177
ACCG	0.00117390	0.00069190	0.00185766
ACCU	0.00112288	0.00060128	0.00225932
ACGA	0.00025752	0.00044001	0.00171299
ACGC	0.00022259	0.00038274	0.00043304
ACGG	0.00076611	0.00084688	0.00156974
ACGU	0.00131900	0.00079258	0.00161517
ACUA	0.00012964	0.00074978	0.00144742
ACUC	0.00051366	0.00019318	0.00229372
ACUG	0.00091991	0.00147503	0.00028831
ACUU	0.00115840	0.00146838	0.00094333
UGAA	0.00083410	0.00044283	0.00173679
UGAC	0.00010221	0.00076937	0.00160978
UGAG	0.00151245	0.00101159	0.00265843
UGAU	0.00538679	0.00412906	0.00617007
UGCA	0.00141204	0.00105412	0.00202063
UGCC	0.00049034	0.00035806	0.00098367
UGCG	0.00276991	0.00134897	0.00477710
UGCU	0.00138876	0.00273192	0.00256845
UGGA	0.00065154	0.00167910	0.00217658
UGGC	0.00011780	0.00022946	0.00387477
UGGG	0.00053926	0.00140250	0.00412246
UGGU	0.00040299	0.00247707	0.00919810
UGUA	0.00242424	0.00045017	0.00218305
UGUC	0.00078113	0.00087744	0.00217484
UGUG	0.00364024	0.00368386	0.00922864
UGUU	0.00667116	0.00204711	0.00850771
AUAA	0.00031696	0.00090265	0.00115913
AUAC	0.00011432	0.00027640	0.00057673
AUAG	0.00026688	0.00047719	0.00263549
AUAU	0.00040276	0.00066825	0.00385204
AUCA	0.00207673	0.00138916	0.00058610
AUCC	0.00055596	0.00026386	0.00038752
AUCG	0.00199230	0.00311043	0.00752211
AUCU	0.00093013	0.00131494	0.00264898
AUGA	0.00253926	0.00101874	0.00086252
AUGC	0.00004157	0.00000018	0.00055691
AUGG	0.00248579	0.00130831	0.00363603
AUGU	0.00134914	0.00120866	0.00154770
AUUA	0.00057556	0.00020453	0.00172936
AUUC	0.00068837	0.00002114	0.00208526
AUUG	0.00226568	0.00079011	0.00096819
AUUU	0.00205718	0.00142237	0.00376810
UAAA	0.00063923	0.00054940	0.00348091
UAAC	0.00062944	0.00054092	0.00122164
UAAG	0.00212404	0.00167651	0.00370990
UAAU	0.00218692	0.00459498	0.00736952
UACA	0.00069412	0.00049541	0.00295134
UACC	0.00102796	0.00063959	0.00121582
UACG	0.00221926	0.00330990	0.00459563
UACU	0.00016802	0.00036747	0.00175695
UAGA	0.00094783	0.00016041	0.00274506
UAGC	0.00008033	0.00000001	0.00324620
UAGG	0.00186162	0.00042510	0.00831295
UAGU	0.00011242	0.00024585	0.00206937
UAUA	0.00105761	0.00057066	0.00346144
UAUC	0.00019497	0.00187017	0.00414865
UAUG	0.00104322	0.00202044	0.00921980
UAUU	0.00141597	0.00062216	0.00319580
