MutationType	SBS96A	SBS96B	SBS96C	SBS96D	SBS96E	SBS96F	SBS96G	SBS96H	SBS96I
A[C>A]A	0.00005895	0.01502770	0.00003062	0.00565790	0.00967334	0.00013734	0.01562048	0.00006059	0.00001166
A[C>A]C	0.00000019	0.00296061	0.00001060	0.00225882	0.00413411	0.00268409	0.00704456	0.00177203	0.00000681
A[C>A]G	0.00408316	0.00009677	0.00000001	0.20573109	0.00019414	0.00180570	0.00477906	0.00006317	0.00000000
A[C>A]T	0.00005153	0.00828375	0.00000663	0.01002381	0.00429306	0.00485923	0.01664268	0.00014222	0.00000095
A[C>G]A	0.00079044	0.01242596	0.00000000	0.00402957	0.00865076	0.00004282	0.00007119	0.00079348	0.00011904
A[C>G]C	0.00000046	0.00276985	0.00000000	0.00181293	0.00462777	0.00176631	0.00000000	0.00244204	0.00000545
A[C>G]G	0.00084530	0.00260675	0.00000000	0.08997249	0.00156857	0.00283497	0.00000000	0.00259854	0.00000003
A[C>G]T	0.00004527	0.00699660	0.00000000	0.00493266	0.00685271	0.00325325	0.00062872	0.00139777	0.00005174
A[C>T]A	0.01925577	0.03738174	0.02120193	0.00962164	0.00000000	0.00000000	0.11702087	0.00163948	0.01942638
A[C>T]C	0.00673931	0.00355248	0.01177132	0.00356506	0.00452388	0.01013941	0.05264184	0.02150327	0.00062525
A[C>T]G	0.37343523	0.00704782	0.00135998	0.25984601	0.00007465	0.00170186	0.00038428	0.00018389	0.00017839
A[C>T]T	0.02726035	0.01574439	0.02837369	0.00479955	0.00186238	0.02843414	0.07582100	0.02058078	0.00977382
A[T>A]A	0.00049520	0.05675216	0.00000000	0.00215473	0.00052190	0.00188375	0.00000000	0.01702545	0.01240685
A[T>A]C	0.00004109	0.00856823	0.00029427	0.00156052	0.00684692	0.00119255	0.00040386	0.00110467	0.00182828
A[T>A]G	0.00115266	0.01115475	0.00241554	0.00197263	0.01703128	0.00149212	0.00492149	0.00078550	0.00001172
A[T>A]T	0.00001513	0.03379844	0.00230071	0.00432409	0.00330910	0.00099989	0.00110042	0.00162618	0.00103064
A[T>C]A	0.00001752	0.07894819	0.00675190	0.00029102	0.00525901	0.00022771	0.03618994	0.00070044	0.32461886
A[T>C]C	0.00106811	0.00776925	0.02113312	0.00036822	0.01374035	0.00156639	0.02575647	0.00548843	0.03004121
A[T>C]G	0.00311762	0.01487579	0.04157836	0.00131594	0.02836506	0.00001477	0.01409970	0.00011847	0.01488422
A[T>C]T	0.00316463	0.04434718	0.08138797	0.00155225	0.00078910	0.00367778	0.01834870	0.01968665	0.08806308
A[T>G]A	0.00014386	0.03826915	0.00005286	0.00136395	0.00135349	0.00125139	0.00241621	0.02343039	0.00224340
A[T>G]C	0.00000000	0.00631538	0.00016196	0.00100067	0.00749508	0.00068338	0.00196047	0.00156634	0.00022526
A[T>G]G	0.00014297	0.00728723	0.00358293	0.00147560	0.01429699	0.00033247	0.00210906	0.00147380	0.00000000
A[T>G]T	0.00000342	0.02348411	0.00362727	0.00161133	0.00674426	0.00005718	0.00292787	0.00202869	0.00061676
C[C>A]A	0.00012863	0.00114157	0.00024073	0.00115903	0.00607106	0.00144395	0.00634712	0.00354006	0.00152095
C[C>A]C	0.00087552	0.00005993	0.00000000	0.00164793	0.00873189	0.00239192	0.00095697	0.00152338	0.00107635
C[C>A]G	0.00712766	0.00000000	0.00000000	0.01141066	0.00026530	0.01425215	0.00003209	0.00081926	0.00000000
C[C>A]T	0.00129399	0.00088390	0.00005783	0.00430843	0.00731649	0.00351050	0.01067204	0.00248570	0.00007401
C[C>G]A	0.00003077	0.00185605	0.00000899	0.00127006	0.00400460	0.00008570	0.00002742	0.00062489	0.00014169
C[C>G]C	0.00054080	0.00050437	0.00000000	0.00126818	0.00563702	0.00115575	0.00000000	0.00029753	0.00000376
C[C>G]G	0.00023980	0.00002216	0.00000000	0.00873018	0.00038067	0.00281569	0.00000000	0.00093088	0.00000163
C[C>G]T	0.00033935	0.00205069	0.00000067	0.00230797	0.00711211	0.00035302	0.00007064	0.00009947	0.00002469
C[C>T]A	0.00571773	0.00321984	0.01102966	0.00234162	0.00709868	0.00185228	0.03006880	0.00449635	0.00790881
C[C>T]C	0.01642251	0.00000000	0.00259814	0.00040225	0.02070488	0.00410870	0.01839123	0.00607447	0.00771577
C[C>T]G	0.04520209	0.00000000	0.00013206	0.02000742	0.00112696	0.02218629	0.00010720	0.00416892	0.00196884
C[C>T]T	0.02069711	0.00001609	0.01693019	0.00068736	0.02035753	0.00965043	0.03349842	0.01167452	0.00869931
C[T>A]A	0.00069369	0.00644207	0.00006267	0.00096691	0.01489756	0.00816810	0.00191763	0.03526121	0.01079174
C[T>A]C	0.00549624	0.00157237	0.00000626	0.00493742	0.02546442	0.00433616	0.00078475	0.00148675	0.00575121
C[T>A]G	0.00657532	0.00154122	0.00191609	0.00034212	0.01899496	0.01130002	0.01400988	0.01403104	0.00259820
C[T>A]T	0.00375647	0.01037558	0.00100850	0.00834696	0.02400900	0.00891159	0.00000000	0.00245326	0.00257765
C[T>C]A	0.00117635	0.00000000	0.03611464	0.00432091	0.01547548	0.00699785	0.01263638	0.07432703	0.09538442
C[T>C]C	0.02003320	0.00000000	0.02125995	0.00034200	0.04793289	0.00350663	0.00875676	0.00208934	0.02472304
C[T>C]G	0.00763096	0.00357220	0.04069811	0.00821952	0.02585511	0.00075696	0.00694657	0.00293370	0.01175473
C[T>C]T	0.02204499	0.00553733	0.05855948	0.00040847	0.04812668	0.01063929	0.00886942	0.01494675	0.03225450
C[T>G]A	0.00000047	0.00530502	0.00357531	0.00135366	0.01034125	0.00298727	0.00001402	0.02487430	0.00103283
C[T>G]C	0.00224320	0.00168341	0.00038581	0.00304920	0.02101027	0.00209566	0.00161219	0.00033036	0.00106899
C[T>G]G	0.00042603	0.00147387	0.00517041	0.00319622	0.01380218	0.00110212	0.00247853	0.00588387	0.00034080
C[T>G]T	0.00000763	0.00632157	0.00297152	0.00343007	0.02162536	0.00109599	0.00144834	0.00006007	0.00000000
G[C>A]A	0.00001404	0.00453718	0.00003072	0.00271999	0.01243283	0.00033925	0.01065488	0.00324761	0.00002673
G[C>A]C	0.00173918	0.00056326	0.00000061	0.00628310	0.00845564	0.00006146	0.00601922	0.00195126	0.00000000
G[C>A]G	0.00093009	0.00002885	0.00000000	0.02866461	0.00465216	0.04532348	0.00700893	0.00727288	0.00000000
G[C>A]T	0.00029032	0.00347857	0.00002757	0.00594231	0.00514043	0.00402392	0.01369058	0.00142428	0.00000000
G[C>G]A	0.00001333	0.00378436	0.00038208	0.00156053	0.01010809	0.00012802	0.00000000	0.00214635	0.00003383
G[C>G]C	0.00175451	0.00083319	0.00028346	0.00271046	0.00727231	0.00008513	0.00005375	0.00171206	0.00001291
G[C>G]G	0.00003380	0.00061010	0.00000000	0.01254077	0.00444669	0.01808539	0.00000000	0.00537176	0.00001018
G[C>G]T	0.00002411	0.00287103	0.00053512	0.00286270	0.00664892	0.00145642	0.00001417	0.00116825	0.00002214
G[C>T]A	0.00809209	0.01108122	0.02174289	0.00213454	0.01671944	0.00247516	0.02975979	0.00540664	0.00582584
G[C>T]C	0.02301206	0.00003445	0.00903630	0.00333454	0.01989083	0.00020905	0.02540916	0.01034883	0.00054529
G[C>T]G	0.08666643	0.00028926	0.00826870	0.00032328	0.00940694	0.10844524	0.00430943	0.02442999	0.00056103
G[C>T]T	0.01697925	0.00306703	0.02701456	0.00107124	0.00995510	0.01563691	0.03307673	0.01282371	0.00607299
G[T>A]A	0.00025773	0.01425787	0.00011309	0.00456220	0.00807839	0.00244814	0.00000000	0.02400034	0.00039188
G[T>A]C	0.00041477	0.00277401	0.00055038	0.00592609	0.00714372	0.00314030	0.00000000	0.00167002	0.00002089
G[T>A]G	0.00211122	0.00479438	0.00024218	0.00608131	0.01943724	0.00094084	0.00000598	0.00528104	0.00079980
G[T>A]T	0.00015093	0.01106059	0.00039507	0.00484869	0.00486527	0.00044832	0.00000000	0.00294936	0.00016633
G[T>C]A	0.00607536	0.01538066	0.04266948	0.00192407	0.00835531	0.00383263	0.00548637	0.07605950	0.01152796
G[T>C]C	0.00890774	0.00172199	0.01555063	0.00320877	0.01380112	0.01011210	0.00440619	0.00458335	0.00437802
G[T>C]G	0.01405927	0.00631209	0.01945879	0.00263216	0.03594484	0.00000000	0.00052270	0.00404955	0.00428510
G[T>C]T	0.00773166	0.01129251	0.03392049	0.00196319	0.00981540	0.00317910	0.00962096	0.01953239	0.00505097
G[T>G]A	0.00000536	0.00834306	0.00109005	0.00234073	0.00709375	0.00169141	0.00000000	0.01552328	0.00008163
G[T>G]C	0.00005845	0.00128765	0.00109472	0.00352239	0.00667961	0.00287919	0.00072837	0.00106668	0.00004762
G[T>G]G	0.00066029	0.00241028	0.00084688	0.00202274	0.01478357	0.00081593	0.00000376	0.00350773	0.00052860
G[T>G]T	0.00006970	0.00595399	0.00148728	0.00158119	0.00591400	0.00003823	0.00192302	0.00208125	0.00006916
T[C>A]A	0.00014922	0.00878195	0.00064126	0.00550536	0.01094270	0.00513299	0.01824132	0.00072113	0.00000000
T[C>A]C	0.00065829	0.00543536	0.00024964	0.00452789	0.00959713	0.00359315	0.00769866	0.00116991	0.00000000
T[C>A]G	0.00034547	0.00100936	0.00000000	0.05435598	0.00001792	0.12458463	0.00383200	0.00015730	0.00000000
T[C>A]T	0.00097571	0.01251610	0.00003331	0.00750013	0.00459255	0.00875421	0.02751629	0.00020766	0.00000000
T[C>G]A	0.00000076	0.00720611	0.00000976	0.00224128	0.01325507	0.00288068	0.00096433	0.00221513	0.00143330
T[C>G]C	0.00008795	0.00390772	0.00000000	0.00323735	0.01133162	0.00146876	0.00000000	0.00165535	0.00003821
T[C>G]G	0.00000000	0.00235465	0.00000000	0.02143667	0.00240812	0.05196883	0.00000000	0.00456229	0.00015624
T[C>G]T	0.00000238	0.00971454	0.00000000	0.00313513	0.01249485	0.00308137	0.00364979	0.00003812	0.00034430
T[C>T]A	0.01314475	0.01988225	0.03535854	0.00614430	0.00953584	0.01730341	0.06729216	0.00084684	0.01803632
T[C>T]C	0.01509177	0.00803426	0.02259857	0.00270190	0.02115279	0.00864210	0.04598736	0.01073540	0.00460284
T[C>T]G	0.14002929	0.00293564	0.01272686	0.03782430	0.00000000	0.29992443	0.00145209	0.00009891	0.00841336
T[C>T]T	0.02099155	0.02255621	0.05186671	0.00104478	0.01823063	0.02634446	0.06864105	0.00198586	0.03554669
T[T>A]A	0.00044646	0.03132879	0.00005770	0.00265552	0.00312058	0.00356815	0.00035636	0.05751150	0.00796710
T[T>A]C	0.00014409	0.00995044	0.00164085	0.00281644	0.01257458	0.00366873	0.00130925	0.00217649	0.00001210
T[T>A]G	0.00239376	0.00911349	0.00264786	0.00255452	0.00753203	0.00223455	0.00573445	0.00623082	0.00011381
T[T>A]T	0.00054146	0.04891040	0.00096264	0.00398458	0.00283267	0.00390776	0.00256773	0.00141411	0.00052724
T[T>C]A	0.00139463	0.01958480	0.07452892	0.00110010	0.00000000	0.00005218	0.00000000	0.20008661	0.13827280
T[T>C]C	0.00273114	0.01191124	0.04122074	0.00068110	0.02053032	0.00553059	0.01005908	0.01094960	0.00326007
T[T>C]G	0.00587231	0.01292835	0.03733907	0.00368257	0.00725470	0.00000000	0.00334398	0.01127980	0.00075541
T[T>C]T	0.00429636	0.07379873	0.09514043	0.00224944	0.00099350	0.00324344	0.01395476	0.03203126	0.01264393
T[T>G]A	0.00000000	0.01826408	0.00123731	0.00114268	0.00793283	0.00033336	0.00000000	0.06441226	0.00287630
T[T>G]C	0.00000000	0.00669077	0.00148125	0.00058971	0.01644680	0.00112369	0.00131315	0.00124033	0.00003427
T[T>G]G	0.00002228	0.00471023	0.00391099	0.00153242	0.00996880	0.00012037	0.00010035	0.00674802	0.00059669
T[T>G]T	0.00000000	0.03166339	0.00283782	0.00089715	0.01166204	0.00000000	0.00275656	0.00029181	0.00032641
